0,2217	79,78	
0,3522	78,66	
0,6529	78,77	
0,9790	104,80	
1,2797	84,45	
1,5478	77,43	
1,7725	68,68	
1,9355	74,34	
2,0986	85,75	
2,2870	70,04	
3,0406	61,43	
3,2145	54,12	
3,3196	54,67	
3,5478	61,70	
4,0768	63,81	
4,3703	62,69	
4,5043	68,27	
4,7000	53,90	
5,0986	54,01	
5,2145	55,57	
5,4283	52,97	
5,6638	56,34	
5,9826	54,38	
6,3377	55,27	
6,5551	52,99	
6,6565	51,21	
6,7870	51,64	
6,9899	52,50	
7,4609	53,65	
7,5696	53,20	
7,7652	52,05	
8,0043	56,86	
8,1493	56,33	
8,3522	57,96	
8,4754	59,98	
8,7362	59,64	
9,1275	59,57	
9,2870	59,32	
9,4101	60,10	
9,5261	61,94	
9,8123	62,38	
10,0478	63,34	
10,2072	63,98	
10,4355	66,15	
10,6819	66,68	
10,8993	67,65	
11,1094	73,42	
11,2254	63,55	
11,3268	60,39	
11,4464	60,93	
11,5949	59,61	
11,7072	58,75	
11,8667	59,31	
11,9935	57,92	
12,2725	55,42	
12,4101	57,14	
12,5442	54,31	
12,6855	53,41	
12,8268	55,60	
12,9391	54,04	
13,0768	54,93	
13,3304	57,03	
13,4826	59,03	
13,6710	59,05	
13,9572	60,88	
14,0986	61,80	
14,3884	59,47	
14,5043	61,63	
14,6203	59,67	
14,7616	60,16	
15,1275	60,90	
15,3377	60,77	
15,4391	58,86	
15,5406	58,66	
15,6493	57,38	
15,8739	58,91	
16,0225	58,12	
16,4174	56,02	
16,8812	57,96	
17,0551	59,52	
17,2580	56,83	
17,4101	56,34	
17,6130	55,36	
18,1783	54,80	
18,4210	55,30	
18,9681	53,14	
19,2580	57,17	
19,4391	54,97	
19,6275	58,23	
20,2145	54,35	
20,3812	52,49	
20,6710	52,13	
21,6565	55,22	
21,8667	52,42	
22,2507	54,38	
22,7580	59,36	
23,1710	58,20	
23,4754	55,21	
23,7797	54,48	
24,2507	56,80	
24,6203	56,45	
24,7870	56,31	
25,0188	58,21	
25,1710	58,12	
25,3957	56,44	
25,8123	57,36	
26,2362	58,26	
26,6493	59,92	
27,0406	60,84	
27,4536	58,56	
27,5986	59,87	
28,2435	60,58	
28,5043	63,66	
28,7290	63,27	
30,9391	65,02	
31,3159	65,00	
31,8087	63,21	
31,9174	62,68	
32,3667	63,39	
32,6928	63,28	
33,2362	62,61	
33,4826	63,32	
33,5986	64,35	
34,7797	64,35	
35,1891	65,17	
35,9754	63,83	
36,1710	62,67	
36,3232	61,90	
36,4681	61,88	
36,6565	61,76	
36,8159	61,99	
38,1058	57,64	
38,6565	58,59	
38,8739	56,30	
39,2797	54,80	
39,4101	55,39	
39,6203	53,44	
39,7870	54,06	
40,6638	50,79	
41,2942	50,32	
41,4899	50,89	
42,6130	48,61	
42,8232	48,61	
43,0551	48,75	
43,3884	46,20	
43,5841	47,16	
43,8812	45,75	
44,5188	44,25	
44,7435	53,17	
45,0986	42,60	
45,2725	45,30	
45,3957	46,87	
45,5623	44,43	
46,0841	50,54	
46,2580	51,01	
47,1420	53,10	
47,6819	57,77	
48,0043	56,11	
48,2507	54,66	
48,4609	53,97	
49,7652	56,38	
50,2797	55,61	
50,5768	56,24	
50,9101	54,87	
51,0913	56,48	
51,2435	57,93	
51,9029	55,86	
52,1710	56,49	
52,6420	55,25	
52,9899	56,77	
53,4464	54,95	
53,5877	56,02	
54,0877	55,72	
54,2797	53,79	
55,1638	52,68	
56,0478	52,07	
56,4391	49,81	
57,4826	48,91	
57,9391	47,46	
59,0333	44,29	
60,9826	40,34	
61,1928	39,02	
61,5406	40,36	
61,9391	38,94	
62,1565	40,24	
62,4391	39,38	
62,5841	39,55	
62,8087	37,25	
63,6565	37,73	
63,8739	38,35	
64,4319	38,02	
64,5333	36,92	
65,5116	37,31	
66,3667	39,31	
66,5841	38,85	
67,2290	40,85	
68,1130	39,58	
69,0406	38,49	
69,4319	39,72	
69,6022	39,72	
69,7870	40,49	
70,2145	39,94	
70,4246	39,81	
71,4645	48,02	
72,4464	40,58	
72,5551	41,64	
72,8014	42,43	
72,9246	41,56	
73,0406	40,86	
73,5406	42,54	
73,8739	42,68	
74,0043	40,29	
74,1493	41,02	
74,3630	41,60	
74,7870	42,77	
75,2036	42,43	
75,4174	41,61	
75,8014	42,72	
76,0043	41,16	
76,2870	39,44	
76,5261	41,00	
76,9754	39,70	
77,3884	40,01	
77,7435	38,40	
78,4391	40,32	
78,9101	39,57	
79,2072	37,68	
80,0116	39,36	
80,1493	38,18	
80,2507	37,68	
80,5152	62,46	
80,7797	38,15	
81,7435	38,04	
81,8449	36,75	
82,2145	36,65	
82,4899	36,50	
82,7072	36,43	
83,5406	36,41	
83,9246	35,93	
85,5986	36,67	
85,7435	36,93	
86,2942	36,95	
86,4899	37,30	
86,9101	37,79	
87,5116	41,43	
87,9246	40,91	
88,3449	40,58	
88,6855	44,91	
88,9029	38,59	
89,4754	40,76	
90,2797	46,46	
90,4536	38,66	
90,8014	46,36	
91,2000	43,39	
92,0152	49,15	
92,3993	37,94	
92,7688	49,58	
92,9065	48,08	
93,2036	49,85	
93,4101	38,28	
93,8884	37,90	
94,8377	41,60	
95,2290	38,10	
95,6420	49,15	
95,8014	38,27	
96,0152	43,49	
96,2652	38,61	
96,3812	37,95	
96,5913	38,10	
96,7725	42,83	
97,1783	46,38	
97,5333	40,10	
97,6457	39,30	
97,9681	39,23	
98,7870	46,57	
98,9536	38,85	
99,0623	38,44	
99,2290	38,11	
99,5116	39,05	
100,0623	38,16	
100,2036	37,48	
100,3232	38,30	
100,8377	39,28	
100,9391	38,81	
101,2290	44,31	
101,9174	38,27	
102,0478	38,69	
102,2217	37,62	
102,4899	47,60	
102,9971	49,87	
104,0116	38,70	
104,2072	54,81	
104,3304	42,44	
104,5406	38,75	
104,7471	59,65	
105,2290	38,95	
106,2906	41,43	
106,5043	39,34	
106,7725	41,09	
106,9862	49,07	
107,0986	44,29	
107,2725	40,42	
107,4101	41,69	
107,8087	45,75	
108,0877	42,34	
108,3449	40,36	
108,7217	40,13	
109,1348	41,72	
109,8232	40,83	
110,4935	59,69	
110,9536	42,18	
111,2870	40,26	
111,5841	40,99	
111,7435	41,56	
111,9609	41,44	
112,2217	41,96	
112,7072	40,21	
113,7652	41,60	
113,9754	39,99	
115,6203	38,78	
116,0333	40,27	
116,2145	39,00	
116,7652	37,91	
116,9681	38,74	
117,5043	39,45	
118,0261	37,33	
118,4101	38,49	
118,8812	37,94	
119,2652	38,59	
120,0116	38,79	
120,2942	39,49	
121,4899	38,39	
121,7000	37,72	
121,9246	37,32	
122,7290	38,24	
123,4464	38,79	
123,7870	37,60	
123,9391	37,31	
124,2978	52,64	
124,5913	38,35	
125,5261	38,03	
125,8812	38,34	
126,0623	39,69	
126,3449	39,25	
127,3087	40,93	
127,6638	36,94	
128,6384	55,83	
128,8630	38,03	
129,2217	38,68	
129,8522	38,30	
130,6058	39,26	
130,7942	38,79	
131,0225	38,95	
132,3812	39,30	
132,7145	38,84	
132,9174	39,56	
133,1493	39,38	
133,4174	39,71	
133,6420	40,72	
134,1638	39,37	
134,5551	40,68	
134,7507	39,39	
135,1420	40,24	
135,4826	39,64	
135,9536	38,92	
136,5696	39,17	
136,7290	39,55	
137,1638	42,23	
137,5188	38,98	
138,0478	39,24	
138,4971	38,93	
138,7217	39,08	
138,9754	37,84	
140,3667	38,38	
140,5478	38,57	
141,9536	39,25	
142,5986	38,95	
143,4464	39,87	
144,0841	39,75	
144,5261	39,43	
145,2942	40,27	
145,6493	40,43	
146,0841	40,20	
146,2725	40,13	
147,2145	40,18	
147,5841	40,05	
147,6928	39,61	
148,2000	39,37	
148,5043	40,53	
148,6348	38,93	
148,7725	38,99	
149,5188	41,24	
149,9464	39,97	
150,5696	39,73	
150,8232	61,51	
151,7580	39,54	
152,6928	39,09	
154,0333	39,85	
154,1348	39,50	
154,2725	38,77	
154,3957	39,62	
154,9029	39,51	
155,2507	41,76	
156,2797	40,39	
156,4101	40,21	
156,5913	40,80	
157,2978	39,84	
157,4536	41,38	
157,7507	40,30	
158,3304	41,23	
158,5478	40,79	
158,6928	39,94	
159,3014	40,02	
159,5841	40,34	
159,7797	41,06	
160,8558	42,48	
161,1638	40,16	
161,5841	41,70	
162,2290	41,99	
162,6420	39,78	
162,9536	40,67	
163,2942	40,60	
163,4935	49,65	
164,7072	40,37	
165,1638	40,19	
165,6275	41,27	
165,8884	41,50	
166,1058	39,68	
166,2580	40,59	
166,6348	40,47	
166,7797	40,89	
167,1275	42,08	
167,4971	41,57	
167,6493	40,98	
168,2652	40,10	
168,6203	41,05	
168,7435	41,33	
169,1058	42,49	
169,2725	40,97	
169,6275	39,60	
170,0406	42,29	
170,3667	46,20	
170,6058	40,83	
171,1348	41,25	
171,2580	40,49	
171,8812	41,41	
173,0696	41,41	
173,2725	42,05	
173,5478	40,77	
174,4246	41,80	
175,0478	40,46	
175,3812	41,21	
176,6783	41,69	
178,2725	41,53	
178,4101	41,01	
179,0768	41,93	
179,6710	42,30	
179,8667	45,57	
180,1058	43,47	
180,5623	41,14	
181,3812	42,65	
181,6348	42,04	
181,8884	42,64	
182,3522	41,17	
182,5043	42,17	
182,6058	41,81	
182,7072	41,19	
183,2580	42,43	
183,3739	41,51	
183,6928	41,96	
184,0768	41,91	
184,8522	43,28	
185,2652	42,39	
185,5188	41,40	
185,7797	42,24	
185,8884	42,58	
186,2652	42,74	
186,6565	41,81	
186,8594	42,79	
187,4536	41,59	
188,8449	42,89	
189,2000	42,28	
189,3449	42,25	
189,4754	41,89	
189,7435	42,63	
189,8957	42,28	
191,1094	43,02	
191,6638	42,13	
191,9826	42,14	
192,2725	41,20	
192,5261	41,98	
193,0116	43,04	
193,8812	42,60	
194,2435	41,57	
194,3812	42,84	
194,8304	43,25	
194,9717	42,26	
195,2507	43,57	
195,7797	42,41	
196,0696	43,21	
196,8594	42,95	
196,9609	41,41	
197,0768	41,31	
197,9681	42,73	
198,1130	43,40	
198,6348	43,26	
198,9536	42,60	
199,1203	44,21	
199,4826	43,60	
199,6783	42,63	
200,0696	42,73	
200,2725	43,21	
200,4391	42,23	
200,9899	43,27	
201,0986	43,57	
201,3594	42,98	
201,6493	43,51	
202,2870	42,82	
202,8667	41,79	
203,4174	43,27	
203,5696	42,59	
203,8594	42,55	
204,2362	43,90	
204,3884	42,87	
204,8232	42,49	
205,0587	47,45	
205,2507	42,40	
205,4174	42,21	
205,5696	43,06	
207,8812	43,89	
208,8667	42,93	
209,1130	41,63	
209,5261	44,07	
209,7942	43,80	
209,9754	43,43	
210,2145	41,94	
210,6203	42,81	
210,7870	43,01	
211,7072	43,21	
212,4391	43,31	
212,8884	42,84	
213,1094	42,44	
213,4246	41,96	
214,3667	41,50	
214,5333	41,55	
215,0043	42,55	
215,6493	41,98	
215,9609	42,19	
216,2435	41,92	
216,3449	42,54	
217,7797	42,91	
218,6275	40,96	
218,7942	43,01	
219,7399	41,99	
219,8884	43,07	
220,1565	41,90	
220,3667	43,05	
221,0333	42,07	
221,5406	41,36	
222,1130	42,29	
222,5406	41,90	
222,8848	55,66	
223,3957	43,34	
225,1565	41,42	
225,4029	42,16	
225,7580	41,49	
226,1783	41,64	
226,3667	41,57	
227,9899	42,30	
228,2000	42,23	
228,3522	43,31	
229,4536	41,64	
229,7580	41,74	
230,0913	41,80	
230,5116	42,33	
231,2725	42,20	
231,5043	42,47	
231,7978	42,37	
232,0768	42,62	
232,2290	43,70	
232,6783	39,68	
232,9536	42,23	
233,3377	42,21	
233,7000	42,14	
234,0406	41,92	
234,2942	42,98	
234,8087	40,31	
235,1203	42,15	
235,4246	42,26	
236,6203	42,26	
237,4174	42,75	
237,7580	42,12	
238,5768	41,51	
238,7435	41,95	
239,6928	41,88	
239,9826	41,75	
240,5333	42,02	
241,3957	41,62	
242,1420	42,37	
242,3159	43,61	
242,7797	41,39	
243,0188	42,81	
243,3594	41,72	
243,9899	45,43	
244,2507	42,15	
244,4029	41,31	
244,6348	42,21	
244,7652	42,09	
245,3884	42,69	
246,5188	41,69	
247,2507	42,22	
247,6058	47,42	
247,7290	42,26	
248,1130	41,10	
248,5116	43,36	
249,2942	41,49	
249,5406	42,47	
249,7362	40,89	
249,8377	41,99	
250,1638	42,27	
250,3304	41,76	
250,6638	41,84	
251,1493	42,17	
251,3014	41,72	
251,4681	42,59	
252,3667	41,76	
252,8087	42,00	
253,2362	41,84	
253,4609	41,41	
253,9971	40,45	
254,2000	42,56	
254,4391	41,44	
254,6928	42,07	
254,8014	40,72	
255,3232	41,37	
255,4391	41,58	
255,8377	41,25	
256,3594	42,08	
257,3739	41,44	
257,5406	41,45	
257,9464	42,38	
258,0768	41,83	
258,4971	42,24	
258,6565	41,84	
259,3594	41,33	
259,9391	41,57	
260,3739	44,15	
260,8739	42,79	
261,0116	42,18	
261,2652	41,59	
261,4391	42,63	
262,0696	41,40	
262,4029	41,19	
262,5986	42,93	
262,7870	41,20	
263,1058	41,74	
263,5406	40,95	
263,8232	43,00	
264,0406	41,89	
264,3123	50,07	
264,9174	42,27	
265,1058	43,16	
266,8449	41,84	
267,2435	41,33	
267,4464	42,89	
267,9283	43,15	
268,8377	41,97	
268,9899	42,90	
269,3594	41,69	
270,4246	41,90	
271,9029	42,48	
272,2507	41,63	
272,7290	42,82	
272,8304	40,51	
272,9319	41,74	
274,2362	41,27	
274,9210	48,91	
275,2797	41,12	
278,6130	41,75	
278,9754	41,99	
279,7290	40,12	
280,1348	41,37	
281,1420	41,62	
281,3123	50,16	
281,8667	41,88	
282,5623	40,39	
282,9536	41,83	
283,5043	41,92	
284,3087	42,30	
284,8014	43,27	
285,9717	41,36	
286,1203	41,22	
286,3594	42,06	
287,3449	41,74	
287,9391	42,28	
288,2072	41,84	
288,7507	41,64	
288,9464	41,30	
289,6058	41,73	
289,9681	41,48	
290,3486	41,46	
290,6275	41,45	
290,8449	41,48	
291,0696	40,77	
291,2072	41,31	
291,7072	42,63	
293,8087	42,27	
294,7362	42,00	
294,9391	40,79	
295,3087	41,31	
295,5478	42,71	
296,5333	40,83	
297,6783	40,43	
298,2326	41,01	
298,9428	41,92	
299,2652	40,50	
299,4246	41,00	
299,6638	40,83	
299,9754	40,89	
300,5696	40,54	
301,2870	40,42	
301,8812	42,30	
302,3159	40,62	
302,6638	40,94	
303,1928	39,63	
304,4971	41,08	
304,5986	40,48	
305,5986	41,72	
305,8196	42,44	
306,5333	41,04	
306,7870	41,38	
307,3667	40,55	
307,5478	41,49	
307,8667	39,52	
308,1783	42,27	
308,3739	47,66	
308,6565	41,15	
309,6565	40,54	
309,9391	40,72	
310,2362	43,12	
310,3667	39,63	
311,0333	41,79	
311,1710	41,29	
311,6384	41,58	
312,1203	40,59	
312,2870	42,08	
312,5261	41,58	
312,6348	41,65	
313,4681	40,81	
313,9609	40,97	
314,2362	41,55	
314,5116	40,59	
314,9754	40,35	
315,5333	40,14	
315,9391	40,46	
316,1420	40,66	
316,5913	39,47	
317,0478	41,49	
317,5696	41,70	
318,1638	41,16	
318,3667	41,10	
318,7942	40,66	
320,2870	40,63	
320,5478	41,74	
321,0188	40,92	
322,0333	41,61	
322,6928	41,36	
323,6710	41,34	
324,6855	41,19	
324,9971	40,26	
325,5478	40,32	
326,2688	40,35	
326,7435	40,66	
327,2362	40,83	
327,4029	41,24	
327,6420	40,55	
327,8957	41,54	
328,1420	41,25	
328,3304	41,04	
328,4935	41,11	
329,3159	40,48	
329,9681	41,22	
330,2870	41,15	
330,4536	40,51	
330,5841	41,10	
330,8812	40,60	
331,3667	41,32	
332,2652	41,68	
332,3812	41,12	
332,5551	40,74	
332,7290	40,85	
333,0986	41,25	
333,2507	41,85	
333,7072	42,20	
334,1275	40,27	
334,6565	40,44	
335,6420	41,03	
335,9826	40,87	
336,6493	42,35	
337,0043	40,92	
337,2145	40,93	
337,3667	42,52	
337,7942	42,21	
338,0841	41,40	
338,4899	40,72	
338,5986	41,26	
339,1348	40,96	
339,4246	42,07	
339,8739	41,27	
340,2580	40,27	
340,5696	40,65	
341,5986	40,73	
342,2362	42,69	
342,8377	41,23	
343,2870	41,22	
344,3594	40,09	
344,5188	41,21	
344,6783	40,84	
344,9319	41,20	
345,0623	41,76	
346,1275	41,26	
347,4174	41,14	
348,6783	39,90	
349,0261	41,67	
349,2435	41,29	
350,0406	40,21	
350,1493	40,53	
350,3014	41,59	
350,7725	40,02	
352,8884	40,31	
353,1420	40,70	
353,4899	40,71	
353,6420	40,05	
353,8232	42,32	
353,9681	40,60	
354,4029	41,14	
354,6058	41,26	
354,8014	40,84	
355,2145	40,07	
355,6058	40,08	
356,9319	40,07	
357,6420	40,21	
358,3884	41,90	
358,7507	41,84	
359,9899	43,16	
360,1493	39,43	
360,4029	41,14	
360,9029	40,87	
361,0913	39,54	
361,3014	41,11	
361,6457	41,67	
362,3014	39,96	
362,4391	40,79	
362,8522	41,30	
363,7797	40,91	
364,0841	40,61	
364,2254	42,20	
365,3014	41,32	
365,6928	40,21	
366,3812	40,99	
366,9536	40,58	
368,4826	40,82	
368,9101	41,20	
369,5188	41,43	
369,6348	40,42	
370,6855	40,22	
370,8159	41,79	
371,2725	40,76	
371,8522	41,70	
372,0478	40,44	
372,3014	41,70	
372,7507	40,28	
373,0116	41,78	
373,4029	40,49	
374,6638	41,71	
374,8014	40,64	
374,9681	39,79	
376,1203	41,62	
376,5913	41,64	
376,7362	40,22	
377,0986	38,90	
377,2543	40,74	
377,5116	40,64	
377,7507	40,06	
378,2362	42,02	
378,3449	39,73	
378,7870	40,44	
379,1783	41,29	
379,9174	41,21	
381,3522	40,62	
383,2507	41,02	
384,1855	41,28	
384,6275	40,69	
384,7688	40,51	
385,0986	40,21	
385,4681	40,78	
386,5478	39,87	
387,5696	40,12	
387,9246	40,78	
388,2580	40,52	
388,8377	40,68	
388,9971	40,42	
389,7942	41,11	
390,3957	41,17	
390,7217	40,22	
390,9101	40,33	
391,3304	40,18	
391,6783	40,59	
392,0116	40,19	
392,3304	39,48	
393,5986	40,07	
394,0188	41,57	
394,1710	40,20	
394,5841	40,10	
394,6855	40,18	
394,9355	43,11	
395,5333	41,02	
396,8014	38,96	
396,9754	40,20	
397,2362	41,73	
398,0043	39,19	
398,2870	40,55	
398,5841	39,73	
398,7870	39,84	
399,0478	40,80	
399,3159	39,64	
399,5478	40,73	
400,1275	40,60	
400,3522	40,86	
400,4826	39,68	
401,0478	40,15	
401,7000	39,35	
402,4319	40,43	
403,2435	40,21	
403,6058	39,94	
404,0696	40,31	
404,8739	39,75	
405,3667	39,47	
407,4609	39,34	
407,8667	41,01	
408,1565	39,22	
408,8667	40,66	
409,4174	41,36	
409,5333	40,42	
409,6493	39,37	
409,9319	40,14	
410,7652	40,44	
411,0623	39,67	
411,3377	40,50	
411,6783	39,68	
412,6493	39,73	
412,9681	39,28	
413,3739	40,04	
413,6855	40,66	
414,8739	41,07	
415,3812	41,82	
416,0551	40,94	
417,2072	39,91	
417,4246	40,60	
420,0478	41,25	
420,2870	40,50	
420,4391	40,28	
420,5913	39,43	
420,7870	42,05	
421,1348	39,51	
421,4319	39,72	
421,5333	39,83	
422,5623	39,67	
422,9500	40,82	
423,1203	40,60	
423,4681	40,48	
423,6203	39,28	
423,9536	39,28	
424,3268	40,63	
424,8449	40,57	
424,9754	38,56	
425,3957	38,18	
425,7507	39,43	
426,1058	39,03	
426,2870	39,57	
426,5406	40,43	
426,8232	38,78	
427,1493	39,78	
427,2580	39,33	
427,7507	38,05	
428,1565	39,10	
428,4464	40,29	
428,5623	40,32	
428,8522	39,29	
429,1855	39,39	
429,4681	40,58	
429,5841	40,38	
431,3232	39,68	
431,4935	40,05	
431,8014	40,72	
432,2652	39,36	
432,3957	40,08	
433,0333	40,49	
433,2217	39,38	
433,8051	39,88	
434,5333	40,68	
434,9101	39,64	
436,4101	40,60	
436,9899	40,18	
437,2290	38,44	
437,3957	39,26	
437,6167	39,84	
437,7870	40,81	
438,4536	39,41	
438,7580	40,48	
439,0406	39,76	
439,5188	40,00	
439,8014	40,20	
440,0768	39,45	
440,9101	40,20	
441,0551	38,99	
441,5116	39,64	
441,9246	39,73	
443,0406	39,41	
443,8594	39,63	
444,3087	39,95	
446,3159	39,45	
447,2725	40,90	
447,8594	39,33	
447,9826	40,21	
448,1022	39,95	
448,2870	38,93	
448,6638	40,40	
448,9681	40,31	
449,3594	39,24	
449,5623	39,63	
449,9971	38,65	
450,5043	40,66	
450,8159	38,21	
451,4609	40,42	
451,8594	40,30	
452,5188	40,54	
452,7725	40,10	
452,9754	39,92	
453,2906	40,24	
453,4319	38,63	
454,3667	38,62	
454,4754	40,00	
454,7145	40,01	
455,0551	40,60	
455,2036	38,93	
455,6130	38,64	
456,1203	38,92	
456,6638	39,57	
456,8594	39,36	
456,9754	40,72	
457,8087	38,51	
458,3232	39,85	
458,9029	39,94	
459,1058	39,16	
459,3087	39,20	
459,6130	38,37	
460,2797	39,11	
460,5949	40,42	
460,7725	39,92	
460,9971	39,54	
461,2870	38,70	
461,5116	39,89	
461,6710	40,70	
462,1275	40,13	
462,6275	39,57	
463,1130	39,02	
463,3884	40,93	
463,5768	39,87	
463,7906	40,68	
463,9609	43,14	
464,2072	42,37	
464,4826	40,07	
464,5913	40,30	
465,1529	40,94	
465,3739	42,54	
466,0116	40,80	
466,4029	40,13	
466,7580	40,66	
467,1493	41,40	
467,6638	40,64	
468,1710	38,84	
468,3014	39,77	
469,3957	39,73	
469,9681	40,11	
470,1928	39,02	
470,3957	40,00	
470,8522	40,58	
471,1565	38,77	
471,3232	38,80	
471,6493	40,73	
472,3522	39,74	
473,5623	40,28	
474,2145	39,78	
474,5696	38,96	
475,7145	40,11	
475,9101	39,51	
476,2217	39,47	
476,4681	40,39	
476,7362	39,82	
476,9246	39,86	
477,0333	39,75	
477,2362	40,88	
477,6855	38,79	
478,0551	38,82	
478,2725	40,18	
478,9029	39,88	
479,2725	39,36	
479,5261	39,89	
480,0116	40,18	
480,2942	39,64	
480,4029	39,83	
480,7797	39,16	
481,4101	40,09	
481,8377	39,44	
482,3558	40,46	
482,4971	38,75	
482,8522	38,60	
483,6928	39,22	
484,0551	39,75	
484,4681	38,06	
484,9826	42,11	
485,1783	40,41	
486,1928	39,83	
486,3957	39,24	
486,7725	39,52	
487,2217	42,63	
487,4754	39,36	
487,8957	39,94	
488,3232	39,26	
488,8594	39,44	
489,0913	39,73	
489,3812	39,01	
489,8304	40,48	
490,0696	40,53	
490,9246	39,60	
491,0406	39,43	
491,2362	38,96	
491,5188	39,13	
491,8377	37,93	
492,3594	38,75	
492,5043	38,76	
492,8232	39,26	
493,0116	39,55	
494,6565	39,53	
494,9029	38,78	
495,4319	39,83	
495,8667	41,01	
496,2435	39,35	
496,5768	41,43	
496,9246	38,62	
497,0696	38,72	
498,4609	40,19	
498,6493	39,71	
499,0768	39,92	
499,3014	39,63	
499,5696	40,72	
499,6928	39,27	
500,0478	41,46	
500,3667	39,82	
500,4754	39,04	
501,1783	39,52	
501,7942	39,82	
502,8159	38,60	
503,5188	41,60	
503,6493	38,14	
503,9319	39,33	
504,1493	39,29	
504,4464	40,55	
504,9391	38,76	
505,2145	39,26	
505,4391	39,67	
505,7000	39,52	
506,0913	38,71	
507,0551	38,52	
507,4826	38,79	
507,9319	39,97	
508,4246	38,87	
508,6420	40,83	
509,1348	38,57	
510,6203	38,90	
510,7362	40,13	
510,9536	38,66	
511,0841	38,50	
511,4174	39,24	
511,7507	39,69	
512,4536	39,12	
512,6493	39,20	
512,7507	39,08	
513,1130	38,39	
513,3087	38,33	
514,7507	38,35	
515,3014	39,67	
515,5478	39,22	
515,6710	38,65	
516,4826	38,79	
516,9029	38,58	
517,1710	38,91	
518,0913	39,22	
518,1928	39,27	
519,3884	38,57	
519,6420	38,36	
520,1130	38,58	
520,7870	38,98	
521,0551	39,21	
521,2942	39,15	
521,9101	38,50	
522,6493	38,10	
523,0986	39,38	
523,5913	38,36	
524,1420	39,44	
525,2652	40,71	
525,5986	37,69	
526,1638	38,67	
526,2797	38,71	
526,3812	38,99	
527,1783	38,46	
527,5116	38,22	
527,6783	38,29	
527,9754	38,53	
528,4101	38,12	
528,6275	39,39	
529,2652	37,32	
529,8522	38,56	
530,2362	37,94	
530,6783	38,64	
531,5043	37,37	
531,7145	38,31	
532,4536	38,09	
532,5913	39,06	
533,2000	38,76	
533,6203	37,74	
533,8594	37,40	
534,9826	38,27	
535,2145	38,86	
535,8667	39,25	
535,9754	37,89	
536,9681	38,10	
537,3449	38,62	
538,0116	37,73	
538,5804	38,62	
539,2145	38,79	
539,4101	38,83	
539,7362	38,97	
540,8449	37,89	
541,0116	37,90	
541,8667	38,33	
542,1964	38,16	
542,4319	39,47	
542,9174	38,12	
543,3051	37,69	
543,6819	38,41	
543,9826	36,90	
544,1203	38,16	
544,7725	37,63	
545,0333	38,71	
545,1565	37,99	
545,4754	37,86	
545,8812	38,38	
546,1420	37,41	
546,4174	37,84	
546,7507	37,60	
547,1493	37,17	
547,9283	39,18	
548,6130	37,98	
549,4754	38,96	
550,4754	38,22	
550,7072	37,15	
551,1203	38,83	
551,2797	37,89	
551,7145	39,09	
552,2725	37,82	
552,5841	38,08	
552,7217	37,60	
553,0116	38,97	
553,2072	38,04	
553,3159	36,60	
553,7435	38,27	
553,8594	38,70	
554,4681	36,79	
554,6130	37,89	
554,7652	37,44	
556,4609	37,67	
556,7652	37,62	
557,2362	37,06	
557,3739	37,32	
558,3449	38,11	
558,4536	39,01	
559,2362	37,93	
560,6058	36,72	
561,0623	38,25	
561,2435	37,64	
561,6420	37,54	
562,5333	38,21	
564,8667	38,71	
565,3667	39,06	
565,8304	38,99	
566,0623	39,32	
566,2652	37,63	
568,3087	36,98	
568,4609	39,18	
568,8594	37,83	
569,3377	36,67	
570,3304	36,95	
570,7362	37,38	
570,8449	36,30	
571,0551	37,79	
571,2725	37,43	
571,4826	37,16	
572,1203	36,66	
572,2797	36,39	
572,3957	37,63	
573,6638	37,38	
573,9609	36,65	
574,0732	38,19	
574,4355	38,21	
574,8449	37,09	
574,9681	36,60	
575,3449	38,21	
576,1638	38,07	
576,6130	37,72	
577,3087	36,56	
577,4319	38,16	
577,7145	37,90	
578,3232	38,37	
578,4826	38,00	
579,6493	37,67	
580,0116	37,32	
580,6783	37,79	
581,5768	37,50	
581,9609	37,80	
582,2072	36,83	
582,5768	37,22	
583,0986	38,19	
583,5913	36,95	
584,1638	37,40	
585,0333	37,56	
585,3884	36,67	
586,9681	37,25	
587,7145	36,89	
588,7725	37,05	
589,1203	38,03	
589,3232	38,36	
589,5116	36,49	
589,6203	36,21	
590,2507	39,43	
591,2652	35,99	
591,5261	36,79	
591,7580	38,87	
591,8667	37,53	
593,2870	36,69	
593,6348	36,41	
593,8739	37,09	
594,4536	37,04	
594,8159	37,17	
594,9536	36,93	
595,1203	36,16	
595,5043	37,56	
596,6855	37,31	
597,1203	36,04	
597,5841	38,22	
597,8159	36,49	
598,4029	37,62	
598,8739	37,04	
599,1493	36,68	
599,2870	35,97	
600,3449	39,54	
600,7507	37,90	
601,3884	35,99	
601,9391	36,92	
602,3667	36,34	
602,9174	36,48	
603,7580	38,18	
603,8739	36,92	
604,6239	38,43	
604,7652	37,33	
605,1783	37,81	
605,5116	38,64	
606,0406	36,15	
606,4246	38,76	
606,8377	35,84	
607,7145	36,43	
608,2217	36,57	
608,5551	36,92	
608,9391	36,92	
609,0768	37,14	
609,4826	36,96	
609,5986	37,31	
609,7072	38,57	
611,2652	36,46	
612,5406	37,72	
613,6058	37,16	
613,9464	36,26	
614,3739	36,56	
614,6058	37,84	
615,3884	35,72	
615,5768	37,19	
616,0913	37,17	
616,3087	36,47	
616,5551	36,83	
616,9609	36,44	
617,3377	37,68	
618,8667	37,74	
619,4681	38,71	
620,4029	35,75	
620,9029	36,63	
621,2725	36,65	
623,4971	36,79	
624,6420	36,65	
625,0043	37,80	
625,1565	38,41	
625,5768	36,48	
625,8812	36,32	
626,8522	36,32	
627,6493	36,83	
628,7000	36,86	
629,1348	36,15	
629,5188	37,23	
629,7109	37,82	
630,2942	37,06	
631,9754	36,82	
632,2072	36,84	
633,3232	36,96	
633,7580	37,12	
634,0841	38,14	
634,2217	37,63	
634,4899	37,16	
635,0768	36,32	
635,2725	37,28	
635,9971	39,58	
636,1275	38,38	
636,5913	36,74	
636,8159	36,32	
637,0551	37,26	
637,5623	36,23	
637,7652	36,98	
638,4536	37,71	
638,7000	36,40	
639,5478	36,81	
639,6493	37,27	
640,2652	38,04	
640,5478	36,22	
640,7797	37,09	
641,0841	37,19	
642,5696	37,56	
642,9754	37,64	
643,0841	36,04	
643,5986	36,69	
643,7797	36,64	
644,2217	37,90	
644,5986	36,76	
644,7000	37,20	
645,3087	37,32	
645,8594	37,06	
645,9899	38,49	
646,2652	36,00	
646,7145	38,43	
647,0116	36,26	
648,0406	36,32	
648,1493	38,15	
648,2870	37,47	
650,2507	36,08	
651,1275	36,87	
651,9899	37,41	
652,4971	35,00	
653,6058	37,11	
653,9029	36,34	
654,0696	37,46	
654,2290	37,11	
656,0913	36,94	
656,3304	37,58	
656,6710	37,79	
657,1638	37,06	
657,3920	37,52	
657,9754	35,80	
658,8522	36,63	
659,2942	36,13	
659,7833	36,19	
659,9319	37,10	
660,0841	36,55	
661,1638	35,96	
661,3232	37,07	
661,6638	36,80	
662,3232	36,50	
662,8087	35,93	
663,8159	36,30	
664,3667	37,25	
664,9899	37,25	
665,2870	37,77	
665,5261	37,22	
665,6348	36,95	
666,1964	38,12	
666,3232	37,44	
666,5333	37,20	
667,3957	38,83	
667,9029	36,85	
668,3014	36,79	
668,5080	37,47	
669,3159	35,66	
669,4391	38,28	
669,5913	37,73	
669,7797	37,62	
670,5043	36,92	
670,8522	37,67	
671,4681	37,09	
671,9899	37,53	
673,0768	37,17	
673,4101	37,08	
674,0261	36,31	
674,5406	36,59	
674,6565	36,73	
675,5333	37,26	
675,6420	35,72	
675,9754	37,29	
676,0913	35,97	
676,2507	36,02	
676,8812	36,99	
677,1058	37,47	
677,3739	37,62	
677,5043	35,76	
677,7652	37,61	
678,2507	37,07	
678,6783	37,35	
678,9536	36,34	
679,2507	36,12	
679,5406	36,50	
679,6746	36,82	
679,7797	36,81	
679,9609	37,20	
680,5188	37,71	
680,8304	37,37	
681,5043	36,94	
681,6928	38,89	
682,0986	36,44	
682,7507	37,13	
683,0913	36,53	
683,5986	37,20	
684,4029	37,62	
684,6638	36,22	
684,9029	36,93	
685,2036	35,69	
685,6203	38,88	
685,9971	36,51	
687,0116	36,38	
688,8594	37,05	
689,1565	37,56	
689,2580	35,32	
689,4681	37,05	
689,9826	36,58	
690,1638	36,85	
690,6203	38,23	
690,9319	36,84	
691,1565	36,89	
691,5043	36,39	
691,6130	36,01	
691,8667	36,31	
692,1928	36,75	
692,3522	35,98	
693,1493	37,50	
693,5406	36,62	
693,6855	37,08	
694,0116	38,03	
694,4319	35,40	
694,5478	36,45	
694,7145	37,01	
694,8884	37,54	
695,9029	36,67	
696,0732	37,45	
696,2000	36,60	
696,3159	35,33	
696,5188	37,20	
697,0116	40,25	
699,2145	40,57	
700,2725	36,27	
700,3957	35,89	
700,5261	38,76	
700,6420	36,67	
700,9971	37,00	
701,3159	36,73	
701,6203	36,48	
702,3304	38,47	
702,5261	37,26	
702,7072	38,43	
703,2725	36,67	
704,7145	38,63	
705,0913	37,65	
705,3159	36,24	
705,9246	37,32	
706,4826	37,61	
706,7870	37,31	
706,8884	35,17	
707,6420	37,75	
707,9717	37,18	
709,1058	38,86	
709,6638	37,29	
710,6348	37,09	
710,8014	38,01	
710,9536	36,83	
711,3014	37,73	
712,1130	38,85	
712,2362	36,56	
712,4029	37,81	
712,8594	37,82	
713,0478	37,83	
713,8232	36,83	
713,9645	37,48	
714,2145	37,25	
714,4681	37,35	
715,1348	37,04	
715,3304	36,88	
715,6348	37,58	
717,3522	37,59	
718,4681	39,12	
718,7000	37,38	
719,1638	37,86	
719,3957	37,42	
719,5116	37,23	
719,9029	38,77	
720,4536	37,33	
720,5551	37,95	
720,7109	38,81	
720,8667	37,00	
721,1348	38,17	
721,7833	37,76	
722,8377	38,34	
723,4826	38,66	
723,6348	37,42	
723,8594	39,00	
723,9681	37,51	
724,3920	38,15	
725,3522	38,22	
725,6783	37,18	
726,2797	37,88	
726,5478	37,73	
726,6855	37,58	
726,8159	37,78	
727,1710	37,43	
727,3159	36,52	
728,1130	38,33	
729,1783	37,79	
729,4319	37,54	
729,8014	36,88	
730,1348	37,01	
730,2580	38,85	
730,7109	36,99	
731,0333	37,83	
731,8304	37,91	
732,8304	38,05	
733,1710	39,43	
734,7507	37,89	
735,2507	38,44	
735,6638	37,42	
736,0986	39,03	
736,2217	37,59	
736,3884	38,26	
736,6638	36,66	
737,4609	38,87	
737,6348	38,20	
738,7725	37,16	
739,4355	39,69	
739,8920	39,92	
740,5406	37,93	
740,7145	36,80	
741,0116	38,27	
741,1638	38,06	
741,2942	37,25	
741,6058	37,95	
741,8377	38,49	
742,2797	37,74	
742,3884	37,49	
742,9899	38,05	
743,6348	37,59	
744,0333	39,43	
744,7290	38,89	
745,4754	38,53	
745,6348	37,68	
746,6493	38,29	
746,9246	38,10	
747,4029	37,48	
747,6058	40,67	
747,7507	38,02	
748,0333	38,28	
748,3087	41,74	
748,7362	38,19	
749,6964	39,49	
749,9609	39,11	
750,2145	38,08	
750,5478	37,82	
750,6928	38,70	
752,8739	38,45	
753,3594	38,85	
753,4971	39,36	
753,8304	39,27	
754,0261	37,77	
754,1565	38,82	
755,2362	38,71	
755,5768	39,94	
755,9609	37,48	
757,1638	40,98	
757,4681	38,22	
758,3957	38,42	
758,9609	37,56	
759,3304	38,78	
759,8739	39,65	
760,1275	38,41	
760,3232	40,07	
760,5261	39,47	
760,6348	39,07	
760,8087	37,99	
761,3232	37,89	
761,4536	39,21	
762,5768	38,43	
762,7217	39,03	
762,9391	39,33	
763,6203	39,45	
763,8957	38,58	
764,3884	39,16	
764,7145	39,08	
764,8377	39,14	
765,1638	40,61	
765,5768	39,66	
765,7435	39,00	
765,9101	38,57	
766,5261	39,20	
767,4572	38,56	
767,9754	39,07	
768,2217	39,91	
768,4101	39,24	
768,8087	39,89	
768,9428	38,78	
770,7036	40,26	
770,8304	38,92	
771,3014	38,46	
772,7217	41,14	
773,1058	40,60	
773,9319	39,06	
774,1275	39,37	
774,8667	38,50	
775,0986	38,70	
775,3594	39,27	
776,0406	40,06	
776,2652	39,57	
776,4246	40,11	
776,6348	38,39	
777,0333	39,20	
777,3812	38,87	
777,6348	39,75	
777,8087	38,89	
778,0043	39,72	
778,1638	39,37	
779,1783	40,77	
779,3014	39,75	
779,6058	39,03	
779,8159	39,10	
780,1783	39,18	
781,1710	39,22	
781,4319	38,56	
782,2290	39,96	
782,7145	39,10	
783,1638	38,90	
784,3159	38,30	
784,8667	38,84	
785,3449	40,38	
785,8232	41,47	
786,2725	38,94	
786,4464	39,99	
786,7580	38,36	
787,3014	40,04	
788,3594	40,51	
789,0478	39,50	
789,7290	38,43	
790,2145	40,00	
791,3304	40,13	
792,1638	40,51	
792,3087	39,32	
792,6928	40,75	
792,8522	40,08	
793,8667	39,87	
794,2000	41,79	
794,6203	38,24	
795,0551	40,27	
796,0043	38,76	
796,1565	38,82	
797,2290	39,53	
797,5261	42,01	
797,6638	39,56	
798,5478	39,30	
798,7072	38,95	
798,9246	40,82	
799,0841	40,16	
799,2000	40,20	
799,3268	39,98	
799,8884	40,50	
800,3522	40,58	
800,9319	38,94	
801,1420	39,64	
801,7652	40,21	
801,9391	40,99	
802,1058	41,58	
803,1783	40,66	
803,3232	39,86	
803,9826	40,79	
804,8014	41,13	
805,6130	39,76	
805,8522	40,55	
806,1130	41,16	
806,2725	38,72	
807,8957	41,41	
809,6638	41,78	
809,7725	42,08	
810,2036	41,09	
810,5333	40,52	
810,8812	40,41	
811,8884	41,46	
812,9464	42,57	
813,1058	40,66	
813,3957	40,65	
813,8232	40,53	
814,5406	40,28	
814,9464	41,28	
815,6203	40,16	
815,8014	40,69	
816,1928	41,64	
817,1928	41,29	
817,4246	41,88	
817,5841	41,61	
818,0043	41,46	
818,5696	41,30	
819,1420	40,50	
819,3232	42,39	
819,5261	41,21	
819,7652	41,77	
820,2580	41,19	
820,8449	41,19	
821,6638	41,49	
821,8232	40,10	
822,3739	41,53	
822,7145	40,93	
822,9029	41,34	
823,0116	42,08	
823,2072	41,64	
823,3957	41,33	
823,5043	41,57	
823,7725	40,93	
824,5043	40,76	
826,0297	41,84	
827,4826	40,42	
827,7435	41,07	
828,0551	41,68	
828,3594	41,50	
828,6565	42,01	
829,0043	41,08	
829,1565	42,37	
829,5478	41,96	
829,7000	41,23	
829,9464	39,81	
830,4065	42,37	
831,0261	41,18	
831,2942	41,97	
832,5768	41,70	
833,8449	42,61	
834,0333	42,41	
834,1783	42,88	
834,3667	41,69	
835,1058	41,88	
835,2725	41,48	
835,8159	43,24	
836,0986	41,16	
836,2290	41,88	
836,7145	41,56	
837,0261	41,29	
837,7580	41,32	
838,1203	42,38	
838,3232	41,37	
838,4681	41,58	
838,6058	42,74	
839,1420	41,54	
839,3449	41,80	
840,2652	42,64	
840,7217	42,28	
840,9319	41,84	
841,5116	42,17	
842,3304	42,61	
842,5986	41,60	
843,6275	41,38	
843,7797	43,11	
845,0406	41,75	
845,6275	43,16	
846,0333	43,36	
846,4464	45,09	
846,7435	42,74	
846,9246	44,30	
847,3159	42,03	
847,7507	41,73	
847,9464	44,21	
848,4029	43,14	
849,0841	43,36	
849,5986	41,51	
849,7942	41,97	
849,8957	43,15	
850,2507	43,13	
850,8014	43,67	
851,0623	42,07	
851,2290	42,45	
851,4971	42,48	
851,8812	42,82	
852,1710	43,63	
852,5478	42,66	
852,8159	42,46	
853,3522	43,60	
853,4681	43,98	
853,8812	42,63	
854,1058	43,01	
854,2870	41,59	
854,8159	41,43	
855,3304	42,32	
855,7362	42,78	
856,3449	43,67	
857,6203	44,74	
858,5696	43,42	
858,8304	44,42	
859,1420	43,19	
859,9319	43,42	
860,2580	42,87	
860,3884	43,59	
860,7435	42,78	
861,3449	44,90	
861,8522	45,08	
862,8812	43,08	
863,2000	43,36	
863,7797	43,96	
863,9029	43,86	
864,5478	42,84	
864,7362	45,01	
864,9536	43,83	
865,0551	43,14	
865,3123	44,84	
865,9826	44,04	
866,1203	43,90	
866,5623	44,19	
866,8957	43,88	
867,4029	43,54	
867,5768	42,31	
868,3449	43,30	
868,8377	44,29	
869,9101	44,52	
870,1420	43,07	
870,2652	43,76	
870,5188	43,19	
871,1420	43,00	
871,4826	44,21	
871,7507	44,64	
872,2580	44,32	
872,9826	44,35	
873,4391	44,37	
873,6203	43,41	
873,7435	45,27	
874,1275	43,57	
874,2870	43,24	
875,0623	44,56	
875,2290	43,25	
875,7145	45,08	
875,9029	44,09	
876,0768	44,00	
876,2725	44,29	
876,7362	44,14	
877,3812	44,21	
877,4899	44,12	
878,6203	43,99	
878,7725	43,95	
878,9899	45,33	
879,2797	44,08	
879,8232	44,44	
879,9681	44,67	
880,4899	43,79	
881,3232	44,50	
881,6420	44,05	
882,0043	45,49	
882,2725	46,42	
882,4029	45,28	
882,5261	44,27	
882,7290	43,67	
882,9609	46,85	
883,2000	46,18	
883,4681	44,99	
884,0841	45,91	
884,2942	44,79	
884,4101	45,46	
884,8014	44,00	
885,1783	44,65	
885,5043	44,27	
885,8087	44,28	
886,4319	45,46	
887,0696	44,35	
887,7580	44,63	
887,8667	44,71	
888,1275	45,32	
888,6638	43,98	
889,2906	45,28	
889,7217	44,71	
890,3377	44,33	
890,4536	44,89	
890,6493	44,84	
891,4971	43,99	
892,3667	44,50	
892,6855	45,28	
892,8377	45,32	
893,0116	45,10	
893,2435	45,10	
893,7616	45,16	
894,4536	45,78	
894,5841	44,37	
895,0116	44,01	
895,1420	44,75	
895,3957	46,77	
895,5551	44,23	
896,1638	44,61	
896,4246	44,87	
896,8449	45,09	
897,0188	45,98	
897,1275	44,67	
897,2290	45,72	
897,5696	45,25	
898,0333	46,10	
898,5696	44,96	
898,8304	45,39	
899,4246	45,37	
899,7000	44,75	
900,0043	45,16	
900,6058	45,31	
901,3232	45,90	
901,9681	44,86	
902,2072	45,87	
902,8377	45,57	
903,0478	44,26	
903,1710	46,06	
903,3377	44,99	
903,6638	44,45	
904,2326	45,68	
904,7652	44,63	
904,8667	46,12	
905,2036	45,47	
905,8232	44,84	
905,9681	44,20	
908,0913	45,35	
908,2507	46,13	
908,6348	44,45	
908,7942	44,63	
909,5188	43,96	
910,0696	44,31	
910,5116	45,59	
911,6384	46,45	
912,2797	44,81	
914,0188	44,26	
914,2725	44,82	
914,8667	43,22	
915,3014	44,65	
915,6275	45,10	
915,9681	44,84	
916,7942	45,29	
918,0768	44,02	
918,4319	45,25	
918,5696	44,12	
918,7870	44,43	
918,9536	45,20	
919,1565	44,62	
919,7507	45,01	
920,1928	46,24	
920,8812	44,89	
921,0768	46,08	
921,3014	43,93	
921,4391	44,69	
922,5841	44,30	
923,1493	44,09	
923,9319	44,74	
924,2362	43,56	
924,9681	44,40	
925,1710	44,27	
925,5623	45,02	
926,6348	45,98	
927,0406	43,36	
927,7435	44,06	
927,8522	45,05	
928,2725	44,53	
928,4971	45,94	
928,6058	45,53	
929,4899	45,74	
930,4826	45,21	
930,6420	44,79	
930,8232	43,89	
930,9681	44,91	
931,1058	43,93	
931,4101	44,82	
931,6928	44,57	
931,8087	45,21	
932,0043	45,27	
932,2435	44,85	
932,5478	43,93	
932,9174	43,79	
933,8014	45,17	
934,0188	46,21	
934,1275	43,41	
934,6203	43,63	
934,9681	45,31	
936,3232	43,56	
937,0841	43,62	
937,4101	43,71	
937,8594	45,13	
938,1565	43,58	
938,5841	44,70	
938,7870	44,63	
938,9609	43,55	
939,1130	44,96	
939,5913	50,01	
940,0188	46,76	
940,7000	44,51	
941,0116	45,01	
941,1130	46,51	
941,7362	44,20	
942,6493	44,85	
943,0116	43,47	
943,1203	44,87	
943,3377	43,72	
943,5188	49,80	
943,6855	49,04	
944,1565	46,04	
944,3377	44,86	
944,7000	44,18	
944,8522	43,44	
945,5768	44,44	
946,3449	45,19	
946,5261	43,96	
946,6638	44,29	
946,9174	44,74	
947,2435	42,75	
948,0261	45,30	
948,2797	43,99	
948,4609	44,59	
948,9029	44,65	
949,9754	49,84	
950,2725	44,26	
950,7725	45,01	
951,2507	43,66	
951,5696	43,73	
951,7217	45,37	
953,1348	45,89	
953,2507	43,81	
953,5333	43,85	
953,7145	44,72	
953,8739	44,54	
954,0551	44,98	
954,1638	44,24	
954,4899	45,14	
954,9319	44,68	
955,6638	45,16	
956,0043	43,45	
956,7507	43,27	
956,8522	43,76	
956,9609	43,09	
957,2725	44,86	
958,6638	44,72	
959,7507	44,64	
960,1130	44,12	
960,2725	44,53	
960,3739	44,07	
960,8014	44,62	
961,1783	44,14	
961,5188	44,43	
961,7145	44,46	
962,6130	44,15	
963,8884	43,81	
964,1130	45,67	
964,3993	45,63	
965,3812	43,97	
965,6348	44,65	
965,9029	45,10	
966,1058	43,53	
966,2580	44,09	
966,4101	44,54	
966,5768	43,90	
966,7507	44,45	
967,3087	43,04	
967,8739	43,56	
968,1348	44,63	
968,6710	44,67	
969,8377	43,59	
970,1203	44,29	
970,5841	43,70	
970,8087	43,03	
971,0261	44,34	
972,0333	43,69	
972,3920	43,26	
972,6928	44,47	
972,8667	43,38	
973,5333	42,68	
974,0478	43,80	
975,0696	45,36	
975,6710	43,49	
975,8087	44,07	
975,9246	43,51	
976,2797	44,01	
976,6783	43,94	
977,1058	44,63	
977,3087	44,41	
977,8377	44,07	
978,0623	44,08	
978,2290	43,33	
978,9319	44,01	
979,5623	43,69	
979,7362	44,10	
980,0406	43,46	
981,2725	44,04	
981,7435	42,85	
982,3920	44,12	
982,6565	44,19	
982,8594	44,51	
983,1783	43,56	
983,2942	43,19	
983,4899	44,37	
983,6855	43,07	
983,9246	44,36	
984,7507	42,94	
985,5768	43,97	
985,8667	42,54	
986,0804	44,99	
986,2797	43,78	
986,5986	44,27	
987,7688	44,94	
988,1130	44,05	
988,6058	43,19	
988,7362	44,23	
988,8812	43,11	
989,8014	43,42	
989,9391	43,66	
990,5551	44,24	
990,8739	44,89	
991,2435	42,52	
991,3884	44,11	
992,0043	43,04	
992,1638	43,89	
992,3159	43,57	
992,6638	43,87	
993,0986	45,12	
993,2290	43,23	
993,6130	42,90	
993,7870	43,68	
994,2000	43,41	
994,6638	42,59	
994,9391	44,87	
995,6275	45,17	
996,0406	43,36	
996,2290	45,61	
996,3594	43,95	
996,4754	43,66	
996,5768	43,59	
997,3159	43,60	
997,6058	44,66	
997,7725	43,71	
998,5768	43,31	
998,7870	45,04	
1000,0333	44,02	
1000,2362	44,02	
1000,6130	42,09	
1001,3014	43,04	
1001,6420	41,22	
1001,9609	42,52	
1002,5478	41,78	
1002,8957	42,24	
1003,1565	42,00	
1003,3812	42,10	
1003,6638	42,69	
1003,9754	42,65	
1004,1710	41,21	
1005,0043	42,59	
1005,4464	41,48	
1005,8232	42,25	
1006,2072	41,21	
1006,4536	41,61	
1006,8739	40,30	
1007,1855	42,20	
1008,0986	42,13	
1008,4609	41,97	
1008,7725	41,18	
1008,9101	41,29	
1009,1420	41,31	
1009,2507	41,22	
1009,6493	42,30	
1010,1167	41,72	
1010,5406	42,07	
1010,8087	41,58	
1011,5696	41,73	
1011,9319	42,58	
1012,0623	41,98	
1012,2145	42,42	
1012,4681	41,42	
1012,5696	41,59	
1012,6928	41,38	
1012,8232	40,94	
1013,5768	42,43	
1014,3159	42,11	
1014,5261	41,70	
1014,8159	41,63	
1015,8377	41,73	
1015,9754	40,34	
1016,3159	40,85	
1016,4899	41,18	
1016,6710	41,91	
1016,9101	40,79	
1017,1058	43,14	
1017,3594	40,13	
1017,8667	41,62	
1018,0333	41,65	
1018,3159	42,13	
1018,6710	41,96	
1018,8232	42,74	
1019,2942	42,27	
1019,6058	42,12	
1021,0913	42,22	
1021,5696	41,94	
1022,2761	41,66	
1022,3957	41,21	
1022,5913	41,08	
1023,0261	42,44	
1023,1928	42,22	
1023,4029	41,64	
1023,5116	42,13	
1023,6493	40,48	
1023,8522	41,83	
1024,5116	42,40	
1024,6420	42,36	
1024,8159	41,27	
1025,6928	40,90	
1026,7290	41,37	
1028,1493	40,46	
1029,0043	41,52	
1029,5116	41,13	
1029,9101	40,40	
1030,6130	42,26	
1031,6565	42,55	
1032,1638	42,53	
1032,3739	42,06	
1032,5551	41,25	
1032,7362	41,25	
1033,1275	41,23	
1033,4754	41,64	
1034,0841	42,78	
1034,5333	41,03	
1034,6710	42,37	
1034,8159	41,55	
1035,7725	40,57	
1036,2435	40,92	
1036,5116	41,59	
1037,9754	42,65	
1038,2580	42,64	
1038,9101	41,14	
1039,3957	41,64	
1039,9609	40,25	
1040,2435	42,19	
1040,8232	40,72	
1041,0551	40,58	
1042,5841	41,08	
1043,1565	41,77	
1043,3087	40,98	
1043,4681	41,49	
1044,3304	41,55	
1045,1928	40,31	
1045,6348	41,23	
1046,3449	43,13	
1046,7725	42,88	
1047,2435	41,42	
1047,4754	41,02	
1048,1928	40,65	
1048,5913	40,92	
1048,7435	41,44	
1049,2797	41,45	
1049,6783	40,77	
1050,0841	40,98	
1050,3667	40,24	
1051,0913	42,11	
1051,5116	41,53	
1051,6348	41,24	
1051,8014	41,36	
1052,4246	41,41	
1052,7580	41,63	
1053,0406	40,98	
1053,1638	41,12	
1053,2652	41,52	
1053,5116	41,18	
1053,7145	41,68	
1054,2652	41,43	
1054,5768	41,45	
1054,9029	42,21	
1055,1710	41,05	
1055,8014	41,33	
1056,1130	41,06	
1056,3667	41,54	
1056,4971	42,77	
1056,6638	41,16	
1056,9319	41,53	
1057,0478	40,91	
1057,4536	41,75	
1057,7507	41,06	
1058,4754	41,79	
1058,6710	40,65	
1059,0514	42,13	
1059,2000	40,77	
1059,7580	41,08	
1060,4174	41,15	
1061,6130	40,47	
1062,3812	41,05	
1062,9174	42,19	
1063,5696	40,93	
1064,3884	40,22	
1064,7725	40,88	
1065,1058	40,68	
1065,3413	43,73	
1065,9826	40,65	
1066,1058	41,57	
1066,8087	41,12	
1067,2652	43,43	
1067,5551	41,93	
1067,7507	41,18	
1068,0551	41,57	
1068,7362	41,53	
1068,9319	41,20	
1069,6275	40,68	
1069,8449	42,16	
1070,2797	41,14	
1070,4609	41,16	
1070,7000	40,96	
1070,8812	41,46	
1071,0116	41,64	
1071,9609	42,87	
1073,1058	40,53	
1073,7109	41,45	
1074,6710	40,22	
1075,0188	40,36	
1075,6420	42,27	
1075,8159	40,95	
1077,0043	41,34	
1077,3884	40,37	
1078,0116	40,50	
1078,4899	41,07	
1078,6565	41,45	
1078,8884	40,76	
1079,2000	41,92	
1079,7580	40,81	
1079,8739	42,14	
1080,4246	41,10	
1080,5986	39,86	
1080,7652	41,77	
1081,6674	42,60	
1081,8884	40,58	
1082,0261	42,42	
1083,6638	40,69	
1083,8812	41,80	
1084,0261	40,68	
1084,3739	42,26	
1084,7797	41,33	
1085,0986	41,12	
1086,3812	41,30	
1087,0551	42,96	
1087,4536	41,06	
1087,6348	41,88	
1087,8377	41,99	
1087,9754	40,81	
1088,8304	41,53	
1089,1710	41,21	
1089,6130	41,14	
1089,7580	41,32	
1090,0768	41,05	
1090,5116	40,91	
1090,6565	41,26	
1090,9029	42,47	
1091,3594	41,87	
1091,8884	40,72	
1092,4609	40,45	
1093,3232	42,26	
1093,7362	39,49	
1093,8739	39,91	
1094,2507	40,47	
1094,4101	40,23	
1094,6420	40,66	
1094,8957	39,83	
1095,1783	40,68	
1095,3884	42,25	
1095,6203	40,67	
1096,5551	41,42	
1097,7652	42,59	
1098,1493	40,58	
1098,3087	41,71	
1098,6130	40,57	
1098,7362	40,68	
1099,8232	41,95	
1100,0188	41,57	
1100,4029	43,61	
1101,3812	41,01	
1103,2797	41,43	
1104,3739	40,63	
1104,4754	40,83	
1104,6565	41,05	
1105,0696	40,49	
1105,5406	41,07	
1106,0043	41,11	
1106,6203	41,15	
1107,0768	41,99	
1107,4029	40,44	
1107,6130	40,58	
1108,1275	40,97	
1108,3884	41,52	
1108,6493	40,83	
1108,8739	41,34	
1109,1783	41,17	
1109,4174	40,75	
1109,5478	42,18	
1110,0188	40,66	
1110,5478	41,77	
1111,1239	41,58	
1112,9681	41,35	
1113,1203	41,10	
1113,3377	40,37	
1113,4536	41,08	
1113,7072	40,27	
1113,9899	40,86	
1114,1493	41,56	
1114,7435	41,54	
1114,8594	40,98	
1115,0478	40,64	
1115,3377	41,33	
1115,4609	40,95	
1115,9681	41,56	
1116,0913	40,39	
1116,2507	41,98	
1117,1819	42,67	
1117,7652	41,92	
1117,9717	41,05	
1118,4391	41,31	
1118,7797	41,56	
1119,2507	41,50	
1119,6420	40,45	
1120,5043	40,69	
1120,7507	41,53	
1120,9754	40,07	
1121,1348	41,86	
1121,3884	41,69	
1121,6638	40,84	
1121,9681	40,33	
1122,2507	40,23	
1122,7870	41,59	
1122,9391	40,42	
1123,1348	40,28	
1123,8449	40,49	
1124,4174	40,34	
1124,8522	41,52	
1125,0841	41,25	
1125,3522	42,31	
1125,6348	42,57	
1125,9101	41,43	
1126,2833	42,44	
1127,8594	41,85	
1127,9899	40,59	
1128,3232	42,61	
1129,0406	40,55	
1129,3014	41,36	
1129,5986	41,44	
1129,7507	41,06	
1129,9464	41,14	
1130,5188	42,78	
1130,6783	42,56	
1131,2072	41,36	
1131,4464	41,86	
1131,6203	41,17	
1131,9029	41,39	
1132,2580	42,96	
1132,5551	41,98	
1133,0696	41,93	
1133,3522	42,64	
1133,4826	41,30	
1134,1058	42,56	
1134,2435	40,69	
1134,4355	42,27	
1135,1348	41,02	
1135,2870	41,33	
1136,5841	41,22	
1137,6928	41,56	
1137,9210	42,51	
1138,9500	42,33	
1139,1058	40,88	
1139,4029	40,75	
1139,5261	41,45	
1139,9681	42,53	
1140,4391	40,84	
1140,9029	40,91	
1141,5913	41,63	
1141,7290	42,44	
1142,1058	42,17	
1142,3812	41,22	
1142,9174	41,87	
1143,1058	41,63	
1143,8087	40,96	
1144,4174	41,20	
1144,7652	41,95	
1145,0478	42,01	
1145,2870	40,72	
1145,4101	41,95	
1145,7580	40,68	
1146,3739	42,15	
1146,7870	42,13	
1147,0406	42,49	
1147,4681	42,00	
1147,5696	42,34	
1147,7000	41,89	
1147,9464	40,62	
1148,4319	41,01	
1148,8159	41,29	
1148,9971	42,12	
1149,2870	41,27	
1150,8232	41,77	
1151,5551	41,55	
1151,7217	42,00	
1152,9536	41,88	
1154,1420	40,81	
1154,8014	43,32	
1154,9319	41,49	
1155,2725	42,27	
1155,4319	41,78	
1155,8739	43,42	
1156,4391	42,71	
1156,5551	42,25	
1157,2362	41,46	
1157,4826	41,76	
1158,0768	42,67	
1158,6638	41,78	
1158,7870	43,88	
1159,5478	40,89	
1159,7435	40,89	
1160,0261	42,02	
1160,2217	42,33	
1160,5986	42,59	
1160,8739	43,33	
1161,2217	42,20	
1161,7725	42,92	
1161,9101	41,01	
1162,2507	41,24	
1162,3594	41,21	
1162,7507	42,38	
1162,9609	42,21	
1163,7797	41,78	
1164,1638	43,22	
1164,3087	42,37	
1164,5043	41,84	
1164,7725	42,89	
1164,9319	41,35	
1165,3667	43,87	
1166,0261	42,17	
1166,3304	40,56	
1166,5551	42,38	
1166,6710	41,53	
1167,0478	42,94	
1167,3014	41,83	
1167,6420	41,88	
1168,2580	41,63	
1168,4536	42,29	
1168,6710	42,67	
1168,8667	42,16	
1168,9971	43,30	
1169,5551	42,76	
1169,9319	43,93	
1170,2688	42,95	
1170,6565	42,27	
1170,9971	41,71	
1171,5478	42,79	
1172,3739	42,53	
1172,6348	41,99	
1172,8667	42,51	
1173,0406	42,73	
1173,2145	41,55	
1173,5333	44,63	
1173,9464	43,00	
1174,1058	43,60	
1174,6783	42,76	
1175,1638	41,89	
1175,6130	42,39	
1176,1710	42,57	
1176,5478	42,07	
1176,8739	43,46	
1177,5406	42,92	
1178,2580	42,56	
1179,5623	42,16	
1179,8087	43,21	
1180,3594	42,04	
1181,0841	41,44	
1181,3014	42,53	
1181,6710	44,73	
1182,0696	42,70	
1182,6710	41,64	
1182,8884	42,40	
1183,5986	43,63	
1184,3304	41,36	
1184,9681	42,40	
1186,0333	43,45	
1186,1420	43,09	
1186,3449	42,46	
1186,9899	42,45	
1187,5116	42,83	
1187,7725	42,80	
1188,2000	42,70	
1188,3087	42,07	
1188,6058	43,19	
1188,7072	43,43	
1188,8667	42,26	
1189,1710	42,39	
1189,3304	41,80	
1190,2072	43,64	
1190,6710	43,07	
1190,8522	43,09	
1191,2797	41,99	
1191,3884	43,11	
1191,6058	43,06	
1192,2797	43,43	
1192,3957	42,62	
1192,7652	43,64	
1193,0986	43,31	
1193,2942	41,84	
1193,9464	43,43	
1194,8377	43,32	
1195,0768	43,27	
1195,2290	42,31	
1195,3667	41,91	
1196,5116	43,01	
1196,9101	42,62	
1197,0732	43,75	
1198,7072	43,18	
1198,8087	43,40	
1199,1275	42,16	
1199,2435	43,40	
1199,5478	43,25	
1199,6638	43,07	
1199,9754	42,88	
1200,1420	42,82	
1200,3087	43,05	
1200,6638	44,24	
1200,8739	43,16	
1201,7942	44,36	
1201,8957	42,85	
1202,5841	42,18	
1203,0768	43,68	
1203,4391	42,64	
1203,9029	42,82	
1205,8848	42,88	
1206,9174	43,67	
1207,3449	43,74	
1207,6203	43,36	
1207,8087	43,27	
1208,2145	42,46	
1208,5043	42,09	
1208,6275	43,05	
1208,9246	43,15	
1209,5116	42,55	
1209,7399	43,73	
1210,2942	44,24	
1210,6565	44,62	
1211,3884	43,61	
1211,6275	43,60	
1212,1855	43,74	
1212,3232	43,15	
1212,6203	43,99	
1213,1638	41,97	
1213,3667	43,50	
1213,7145	42,86	
1214,5333	43,74	
1214,7217	43,38	
1215,0913	43,89	
1215,1928	42,89	
1215,8304	42,84	
1216,0188	42,36	
1216,2362	44,89	
1216,6783	44,63	
1216,7797	42,88	
1216,9899	43,65	
1217,8087	42,26	
1218,7507	42,41	
1219,1855	41,82	
1219,6203	42,84	
1219,7652	43,55	
1221,0551	42,84	
1221,7362	43,71	
1222,2036	44,12	
1222,3304	42,84	
1222,8667	43,21	
1222,9754	43,57	
1223,3304	42,97	
1223,7652	44,06	
1224,0261	43,38	
1224,3232	42,61	
1224,4536	43,71	
1224,5696	42,96	
1224,8449	42,94	
1225,1348	42,98	
1225,5188	43,89	
1226,0333	42,46	
1226,3159	43,33	
1226,4174	41,07	
1226,5986	43,71	
1227,0913	42,19	
1227,2000	43,63	
1227,5696	43,01	
1227,7725	44,07	
1227,8739	43,18	
1228,1348	42,09	
1228,4391	43,18	
1228,8087	43,55	
1229,2725	43,47	
1229,4536	42,86	
1229,6348	42,81	
1229,8304	43,60	
1230,3667	43,05	
1230,4681	42,37	
1231,2290	42,43	
1231,6420	43,67	
1231,8449	43,15	
1232,9246	43,47	
1233,3667	43,72	
1233,5043	44,12	
1233,6783	44,36	
1233,7870	42,97	
1233,9681	42,90	
1234,2942	42,57	
1235,1420	43,05	
1235,4319	43,52	
1236,0841	42,76	
1236,3667	42,42	
1236,9971	44,09	
1237,2652	43,67	
1237,4246	44,04	
1237,9754	42,75	
1238,4681	43,69	
1238,9971	42,40	
1239,1855	43,34	
1239,9681	42,10	
1240,8087	42,30	
1241,1565	44,14	
1241,4391	43,13	
1241,7435	42,66	
1242,0913	42,29	
1242,4319	42,72	
1243,0333	42,71	
1243,1348	42,80	
1244,7507	42,25	
1244,8667	42,18	
1245,2362	43,58	
1247,0623	42,54	
1247,6565	43,08	
1247,8449	42,90	
1247,9754	43,26	
1248,7942	42,83	
1249,5986	42,22	
1249,8739	43,45	
1250,8812	42,70	
1251,3159	43,18	
1251,4826	43,65	
1252,5696	42,30	
1253,0913	43,41	
1253,2181	43,47	
1253,4391	43,36	
1253,9536	42,65	
1254,7435	41,97	
1255,0116	43,00	
1255,7942	43,94	
1256,0551	43,80	
1256,6275	43,66	
1256,8522	43,31	
1256,9971	43,42	
1257,4029	43,01	
1257,5841	43,41	
1257,8739	43,90	
1258,2580	43,38	
1258,5514	43,74	
1258,7362	42,69	
1259,0768	42,22	
1259,4391	43,40	
1259,6275	43,39	
1259,8884	43,17	
1260,4681	44,29	
1260,6638	44,11	
1261,1565	43,33	
1261,4609	43,10	
1262,1928	42,26	
1262,4464	44,21	
1262,9029	42,97	
1263,8014	44,12	
1264,3957	42,48	
1265,1348	43,72	
1265,3594	41,48	
1265,7217	43,47	
1266,0478	42,86	
1266,2290	42,41	
1266,6420	42,51	
1267,0333	43,05	
1267,4029	44,10	
1267,5877	42,95	
1267,8232	43,12	
1268,4101	42,15	
1268,5188	43,28	
1268,7870	43,07	
1268,9790	43,59	
1269,2435	43,99	
1270,1130	44,57	
1270,7580	43,63	
1271,0623	44,29	
1271,7290	43,50	
1271,8667	43,07	
1271,9899	43,39	
1272,1203	43,37	
1272,8159	42,55	
1272,9645	43,98	
1273,9174	44,15	
1274,2725	42,31	
1274,7072	43,53	
1275,0551	44,59	
1275,3232	44,35	
1276,7290	43,38	
1276,8449	42,51	
1277,3594	42,67	
1277,6058	42,42	
1278,0696	44,01	
1278,4971	43,68	
1278,6783	43,59	
1278,8522	43,52	
1279,1058	44,18	
1279,2290	43,14	
1279,5116	41,73	
1280,4029	42,00	
1281,8594	43,24	
1282,2725	42,92	
1282,9899	42,06	
1283,6275	43,66	
1284,4935	44,42	
1284,6275	44,95	
1285,1928	43,11	
1285,7797	42,84	
1286,7942	44,31	
1286,9971	42,71	
1287,1565	43,35	
1287,6710	44,14	
1287,8159	44,61	
1288,8957	43,49	
1289,3993	43,69	
1289,6022	45,40	
1290,1348	43,30	
1290,6783	43,35	
1291,3159	43,34	
1291,8014	43,05	
1292,1855	43,21	
1292,4681	42,72	
1292,9319	43,34	
1293,9246	43,76	
1294,1203	43,64	
1295,5116	43,42	
1295,9319	42,91	
1296,1928	43,92	
1296,5116	42,72	
1297,8667	42,73	
1298,2942	43,77	
1298,8739	42,81	
1299,3087	43,86	
1299,5261	42,60	
1299,9174	42,66	
1300,1891	42,08	
1301,0913	45,65	
1301,9971	43,23	
1303,8449	42,83	
1304,1275	42,59	
1304,3014	42,10	
1304,5841	43,81	
1304,8014	43,37	
1305,1130	41,53	
1305,5696	43,67	
1305,7942	44,16	
1306,3304	42,62	
1306,8449	44,35	
1307,6420	43,58	
1308,0188	43,48	
1308,6638	41,89	
1308,7797	43,39	
1309,0478	43,51	
1309,4246	42,73	
1309,5333	42,76	
1309,6420	42,51	
1309,9609	43,81	
1310,1203	42,84	
1310,7870	43,55	
1310,9826	43,85	
1311,2507	44,34	
1311,4464	42,97	
1311,6203	42,25	
1312,2362	43,15	
1312,3739	43,46	
1312,4899	43,49	
1312,6275	41,64	
1313,8014	43,38	
1314,8232	42,96	
1315,2290	42,71	
1315,4101	43,31	
1315,5551	42,77	
1315,7435	44,17	
1316,6457	43,42	
1317,1710	42,86	
1317,3993	43,63	
1317,5913	43,26	
1318,0478	43,34	
1318,3159	43,27	
1318,6855	43,46	
1319,1130	43,31	
1319,3232	42,99	
1320,5188	42,59	
1322,1710	43,11	
1323,5406	43,33	
1323,7399	43,80	
1324,0696	43,30	
1324,8159	43,21	
1325,2797	42,21	
1325,6529	42,03	
1325,9971	43,39	
1326,5623	43,28	
1326,7870	41,92	
1327,1275	43,19	
1327,3594	42,51	
1327,5841	43,50	
1328,1928	42,32	
1328,6275	42,64	
1328,7652	42,88	
1328,8739	42,49	
1329,0406	42,14	
1329,9754	42,17	
1330,0913	42,06	
1331,0188	42,47	
1331,1928	43,44	
1331,5116	42,69	
1331,6783	43,43	
1332,0116	42,68	
1332,3377	42,85	
1332,4391	43,02	
1333,0333	43,18	
1333,2580	43,81	
1333,4754	44,08	
1333,6203	42,81	
1333,7362	43,74	
1333,8739	43,11	
1334,2580	42,72	
1335,0841	42,23	
1335,7870	43,02	
1336,0696	44,23	
1336,3449	42,56	
1336,4754	43,07	
1337,2072	43,06	
1338,0116	42,99	
1339,5116	42,75	
1339,8304	42,58	
1340,4319	44,03	
1340,7725	43,32	
1341,3812	42,32	
1341,8304	40,90	
1342,1058	42,26	
1343,2435	42,67	
1344,0116	41,95	
1344,2580	43,15	
1344,5768	42,28	
1344,7072	42,39	
1344,8884	41,30	
1345,8377	42,18	
1345,9971	42,38	
1347,4391	42,33	
1347,8667	42,18	
1348,1058	41,81	
1348,5913	41,74	
1349,7580	43,28	
1350,0986	41,69	
1350,2290	43,20	
1350,3594	42,65	
1351,0623	42,92	
1353,6203	41,93	
1354,0478	42,20	
1354,3449	41,99	
1354,5841	43,74	
1354,7217	42,67	
1354,8232	42,68	
1354,9464	41,97	
1355,8522	42,88	
1356,2797	41,68	
1356,9355	41,80	
1357,5986	42,08	
1358,2290	42,41	
1358,5986	42,46	
1359,4101	42,56	
1360,0913	42,43	
1360,2290	42,92	
1360,5261	42,42	
1360,7906	43,09	
1360,9464	40,81	
1361,1348	42,49	
1361,4174	42,51	
1361,5188	42,48	
1361,9464	41,19	
1363,1565	41,87	
1364,1203	41,92	
1364,3957	41,17	
1364,9971	42,13	
1365,4464	43,33	
1365,7217	41,64	
1365,9319	43,61	
1366,1928	42,44	
1366,5261	42,46	
1367,1058	43,37	
1367,4319	41,22	
1367,7000	42,05	
1367,8957	42,13	
1368,1420	42,06	
1368,9899	41,77	
1369,9174	42,51	
1370,0261	42,47	
1370,1493	41,99	
1370,4826	41,98	
1371,2290	42,91	
1371,9536	42,72	
1372,3159	41,87	
1372,8957	42,56	
1373,0478	41,81	
1373,3304	42,30	
1373,5406	41,13	
1374,3014	40,87	
1374,8377	42,60	
1375,3957	42,24	
1375,9464	42,82	
1376,2145	41,87	
1376,3594	40,96	
1376,4609	42,00	
1376,9609	43,19	
1377,1420	41,72	
1377,6855	41,67	
1378,1565	42,63	
1378,5043	43,10	
1378,8377	43,30	
1379,1493	41,02	
1379,9681	41,41	
1380,9609	41,49	
1381,3812	42,98	
1381,4899	42,78	
1381,6420	42,11	
1382,0043	42,20	
1383,1710	40,40	
1383,3232	40,99	
1383,5333	39,97	
1383,7797	42,14	
1384,4246	41,96	
1385,0986	41,81	
1386,1928	42,25	
1386,7580	42,46	
1387,6783	42,42	
1388,4536	43,12	
1388,8522	41,74	
1389,0333	42,18	
1389,6275	42,27	
1390,1928	41,15	
1390,3304	41,73	
1391,9464	42,41	
1392,1058	41,27	
1392,8449	41,11	
1393,2217	41,74	
1394,3739	41,66	
1395,0116	41,01	
1395,1783	40,85	
1395,3812	41,57	
1395,9029	41,60	
1396,3449	42,86	
1396,8014	41,73	
1396,9174	41,35	
1398,2036	41,73	
1398,3522	41,13	
1398,4609	41,67	
1398,6058	41,24	
1399,0551	41,34	
1399,4826	41,94	
1400,0913	40,93	
1400,2435	42,07	
1401,0116	41,60	
1401,1928	42,08	
1401,3304	41,73	
1401,5551	41,18	
1401,8594	42,38	
1402,2000	42,38	
1402,8957	42,06	
1403,0188	41,68	
1403,6638	42,34	
1404,4319	41,33	
1404,8051	41,73	
1405,2217	41,80	
1405,5406	42,12	
1406,1275	41,54	
1406,4464	42,36	
1406,5768	41,58	
1407,1130	40,99	
1407,7725	41,17	
1408,0043	41,84	
1408,1275	42,76	
1408,7217	40,87	
1408,8739	41,18	
1409,6928	42,14	
1409,8667	41,79	
1409,9826	40,51	
1410,2290	42,06	
1410,9174	42,17	
1411,0333	41,23	
1411,8232	42,30	
1412,0913	42,48	
1412,2797	41,84	
1412,7145	41,58	
1412,9971	42,38	
1413,1565	41,30	
1413,3449	41,41	
1413,4826	41,32	
1413,6565	42,39	
1414,2290	42,35	
1414,3920	42,57	
1414,6928	41,74	
1415,4319	41,89	
1415,7507	41,97	
1415,9391	41,35	
1416,3739	42,05	
1416,6058	41,71	
1417,5188	43,57	
1417,9464	42,49	
1418,3703	42,04	
1418,8522	41,76	
1419,4246	40,62	
1419,6130	42,27	
1420,9391	42,83	
1421,3957	42,17	
1421,4971	42,20	
1421,7725	41,78	
1422,4609	41,82	
1422,8159	42,17	
1423,0478	42,05	
1423,2145	43,04	
1423,6928	41,92	
1424,2290	43,30	
1424,3739	41,35	
1424,7580	41,42	
1424,8884	41,51	
1425,0043	41,41	
1425,5188	42,11	
1425,6928	42,57	
1425,8304	42,40	
1426,2217	41,69	
1426,5333	42,49	
1427,3377	42,09	
1427,4536	43,24	
1428,2362	43,18	
1428,5841	43,05	
1429,4246	43,41	
1430,5188	43,65	
1430,7290	42,08	
1431,5188	41,55	
1432,4609	41,79	
1432,8304	41,44	
1433,0768	42,08	
1433,2362	42,00	
1433,5696	42,04	
1433,7725	42,77	
1434,6203	42,11	
1434,8087	42,08	
1434,9536	42,33	
1435,2580	40,77	
1435,4899	42,09	
1436,2652	42,29	
1436,6275	42,04	
1436,8014	42,30	
1436,9754	41,39	
1437,1783	42,21	
1437,6928	42,97	
1438,1565	42,39	
1438,3594	42,14	
1438,9681	41,52	
1439,3957	42,18	
1439,9609	42,37	
1440,1891	42,17	
1441,2000	42,50	
1441,7290	40,83	
1442,6855	42,96	
1443,1928	42,33	
1443,4609	43,58	
1443,7362	43,02	
1443,9609	42,01	
1444,2145	42,45	
1444,8014	42,23	
1445,2145	43,09	
1445,7181	44,01	
1446,6493	42,35	
1446,8159	41,56	
1447,1058	43,24	
1447,3232	42,04	
1447,4246	42,74	
1447,5623	41,66	
1447,9609	42,23	
1448,3739	42,66	
1448,8014	42,74	
1449,0551	43,28	
1449,1601	44,10	
1449,2725	43,25	
1449,5007	41,70	
1449,9246	42,92	
1450,3014	43,12	
1450,8594	42,72	
1451,1565	42,29	
1452,1928	44,67	
1452,3232	42,28	
1452,6130	42,03	
1454,1710	43,14	
1455,0043	42,50	
1455,3739	43,47	
1455,5551	43,52	
1456,5841	43,32	
1457,3522	41,55	
1458,1928	42,02	
1458,5478	42,24	
1459,1348	42,67	
1459,3159	43,26	
1460,9754	41,94	
1461,4174	43,49	
1461,7000	41,98	
1462,0841	41,67	
1462,6348	43,02	
1463,0116	41,87	
1463,2652	43,27	
1463,6058	43,46	
1463,9391	43,59	
1464,1493	42,13	
1464,7072	42,63	
1465,0116	43,37	
1465,4464	44,29	
1465,9246	42,37	
1466,0768	43,16	
1466,9391	42,47	
1467,1638	43,06	
1467,2978	42,14	
1467,6493	42,68	
1468,5406	41,90	
1468,8449	42,34	
1468,9754	42,17	
1470,1058	43,28	
1470,2725	44,69	
1470,6928	43,44	
1471,2072	43,19	
1471,6928	42,58	
1472,8304	43,51	
1472,9754	43,42	
1473,6855	44,09	
1474,1058	43,13	
1474,5333	43,51	
1474,7217	40,50	
1474,8884	43,49	
1476,2725	42,72	
1476,8087	42,67	
1476,9246	42,31	
1477,2797	43,29	
1477,6928	42,09	
1477,9065	43,51	
1478,5116	43,53	
1478,6710	43,69	
1478,9826	42,66	
1479,5768	42,79	
1479,8159	43,43	
1480,2217	43,27	
1481,1420	42,27	
1481,8739	44,06	
1483,1928	42,50	
1483,9246	44,62	
1485,0188	43,27	
1485,3812	42,48	
1485,6420	42,20	
1485,7797	43,23	
1486,3957	43,37	
1487,3884	42,10	
1487,5043	43,11	
1487,9101	42,71	
1488,2145	43,72	
1488,4464	43,12	
1488,8304	42,96	
1489,0478	44,04	
1489,1783	42,91	
1489,3594	42,79	
1489,5841	43,23	
1489,8377	42,47	
1489,9826	43,43	
1490,6130	43,26	
1491,0406	43,06	
1491,6348	43,43	
1491,8087	43,76	
1492,1275	43,82	
1492,6348	45,05	
1493,1275	43,48	
1493,3087	44,63	
1493,5116	43,31	
1494,6058	44,37	
1494,7362	42,33	
1494,8377	44,88	
1494,9754	42,72	
1495,4246	44,54	
1495,8232	43,21	
1496,4899	43,21	
1496,9391	44,49	
1497,0986	42,56	
1497,9609	44,45	
1498,1058	43,97	
1498,3232	43,93	
1498,5623	43,00	
1498,8232	43,66	
1499,1348	44,95	
1499,4609	43,57	
1500,1493	43,34	
1500,6493	43,97	
1501,2507	43,55	
1501,6130	43,19	
1501,7942	44,19	
1502,8739	44,30	
1504,5406	44,11	
1504,9609	43,28	
1505,1783	43,78	
1505,2978	44,53	
1506,5261	42,96	
1506,6275	43,73	
1507,2145	44,33	
1507,5841	44,51	
1508,0297	43,56	
1508,2942	44,34	
1508,8449	43,70	
1509,2870	43,78	
1509,5913	44,04	
1510,2652	43,26	
1510,7072	44,19	
1510,9899	44,77	
1511,5043	43,19	
1511,6058	43,57	
1511,7217	43,00	
1511,8377	43,50	
1512,2145	43,67	
1512,5406	44,17	
1512,7217	43,88	
1513,0768	44,64	
1513,1783	43,64	
1513,3014	44,81	
1513,5152	44,65	
1514,0949	46,28	
1514,5696	43,57	
1514,7362	44,47	
1514,8377	44,52	
1515,4246	44,99	
1515,7580	43,81	
1516,4174	44,06	
1517,0841	44,26	
1517,3304	43,72	
1517,6348	43,17	
1518,0551	44,28	
1518,4210	44,23	
1519,1058	43,36	
1519,2072	44,69	
1519,6638	43,49	
1519,9862	44,91	
1520,3087	43,60	
1520,4101	43,28	
1520,6638	46,00	
1520,9899	43,88	
1521,4174	44,88	
1521,5188	43,91	
1521,6565	44,38	
1521,9246	44,88	
1522,8014	44,54	
1523,6928	45,80	
1524,0333	44,80	
1524,1493	44,31	
1524,4754	45,14	
1524,5768	43,53	
1524,7580	44,36	
1525,1891	43,91	
1525,3232	43,78	
1525,8884	44,34	
1527,0370	45,50	
1527,7652	44,53	
1528,1203	43,98	
1528,3014	44,89	
1528,9899	43,84	
1530,2290	44,15	
1530,6058	44,16	
1530,7362	44,82	
1531,3232	44,48	
1531,6094	44,12	
1532,3377	43,41	
1532,8087	46,35	
1533,4536	44,82	
1533,8014	45,03	
1534,3667	44,76	
1534,6928	44,25	
1535,5913	43,52	
1535,8087	43,70	
1536,2616	44,92	
1536,5261	44,85	
1538,3014	44,24	
1539,7725	45,03	
1540,0986	45,00	
1540,2942	45,36	
1540,8667	44,81	
1541,0188	46,09	
1541,3449	43,17	
1542,0696	44,03	
1542,4464	44,44	
1543,5551	44,66	
1544,1348	43,87	
1544,3957	44,84	
1544,5478	44,86	
1544,8594	43,77	
1545,5116	44,38	
1546,3051	45,58	
1546,6130	44,69	
1546,8232	44,81	
1547,3884	45,49	
1548,2435	44,20	
1548,9210	45,82	
1549,6203	44,59	
1549,7580	44,69	
1550,6783	44,74	
1550,8304	44,66	
1551,0478	44,45	
1551,2217	45,35	
1551,3957	46,76	
1551,6348	44,41	
1551,8594	43,56	
1552,7000	44,77	
1552,9971	45,42	
1553,7870	44,45	
1554,8232	45,20	
1555,1710	44,62	
1555,4899	44,16	
1555,6565	44,86	
1556,9754	43,46	
1557,4246	44,41	
1557,6928	45,34	
1558,4246	46,62	
1558,6638	45,28	
1559,7000	44,86	
1560,2290	43,93	
1560,3304	45,38	
1561,4609	44,82	
1561,5913	45,56	
1562,2507	44,06	
1563,1783	44,93	
1563,2870	46,14	
1563,9391	46,62	
1564,3667	45,21	
1564,6783	43,84	
1564,8957	44,15	
1565,3377	45,00	
1565,8087	46,32	
1566,7072	45,51	
1566,8232	46,18	
1567,6855	45,46	
1568,1130	45,52	
1568,6638	45,33	
1568,8884	45,84	
1569,5986	44,70	
1569,8449	45,02	
1570,8232	45,57	
1571,1565	46,92	
1571,4572	45,92	
1571,7000	45,29	
1571,8304	45,41	
1571,9464	45,10	
1573,1638	45,70	
1574,1203	45,52	
1575,1203	46,27	
1575,2362	45,03	
1575,7942	45,77	
1577,1130	45,65	
1577,6601	45,52	
1577,8775	45,94	
1578,1348	45,27	
1578,4174	45,92	
1578,8522	45,37	
1579,2000	44,83	
1580,1783	45,19	
1580,6203	45,37	
1580,7435	45,75	
1581,6348	46,99	
1582,3957	45,30	
1582,7797	46,48	
1583,0406	45,29	
1583,4319	45,91	
1584,0261	47,01	
1584,9754	45,59	
1585,7725	45,08	
1586,0841	46,36	
1586,2725	45,81	
1587,1058	45,07	
1588,0261	46,28	
1588,3884	45,66	
1588,5913	44,49	
1588,7616	46,33	
1589,5768	46,20	
1589,7145	45,13	
1590,6275	45,91	
1592,5406	46,74	
1592,9536	45,55	
1593,6638	45,58	
1594,5986	45,11	
1595,1348	46,40	
1595,9754	48,02	
1596,6710	45,96	
1597,1638	46,32	
1597,5478	45,62	
1598,1420	45,88	
1598,7000	46,08	
1599,4029	46,57	
1599,6130	46,63	
1600,3014	46,79	
1600,8232	46,52	
1601,3594	45,07	
1601,6275	45,78	
1602,5841	45,77	
1602,7942	46,56	
1603,8232	45,83	
1604,0913	46,66	
1604,5333	46,73	
1604,6638	45,96	
1605,1348	46,43	
1605,3522	46,48	
1605,6638	46,00	
1606,0768	46,98	
1606,4464	45,98	
1606,5478	48,45	
1607,2000	48,70	
1607,3594	46,38	
1607,5406	48,55	
1607,6783	45,88	
1608,0551	46,12	
1608,1783	46,31	
1608,3594	46,32	
1608,5804	46,20	
1609,2942	45,79	
1610,1203	45,92	
1610,4826	46,31	
1610,7000	44,74	
1611,0333	44,89	
1611,2072	46,90	
1611,7072	45,80	
1612,2761	47,80	
1612,3957	46,60	
1612,6565	47,26	
1612,8087	46,77	
1613,0623	47,18	
1613,1783	45,46	
1613,3014	46,90	
1613,5841	46,21	
1614,2507	46,14	
1615,2507	46,21	
1615,4971	45,95	
1615,9029	45,71	
1616,5696	47,01	
1617,6928	46,26	
1617,8449	46,42	
1618,0478	45,77	
1618,4464	46,64	
1618,6239	46,28	
1618,7797	47,18	
1618,9174	46,01	
1619,4246	45,08	
1620,4826	46,80	
1620,6203	45,13	
1620,8667	46,77	
1621,0768	46,75	
1621,4754	45,59	
1621,7580	45,58	
1621,9681	45,91	
1622,1130	46,84	
1622,4391	46,36	
1622,6638	46,50	
1623,3304	46,98	
1623,8812	46,05	
1624,4101	46,03	
1624,5768	46,30	
1625,1348	45,62	
1625,3014	46,54	
1625,8449	46,09	
1627,0043	45,89	
1627,3304	45,87	
1627,4899	46,33	
1627,7580	45,45	
1627,9754	44,87	
1628,1058	46,60	
1628,2906	46,39	
1628,5623	46,68	
1628,8739	45,35	
1629,1420	46,62	
1629,4681	45,08	
1629,8594	45,97	
1630,1420	46,26	
1630,4174	45,74	
1630,9899	45,34	
1631,2072	46,75	
1631,3449	46,62	
1631,4971	46,35	
1631,6493	45,84	
1631,7580	45,65	
1632,4174	46,30	
1632,9319	46,44	
1633,0768	46,68	
1633,7145	46,23	
1633,9029	46,42	
1634,0261	46,52	
1634,4101	46,67	
1634,7870	45,85	
1635,5043	46,01	
1635,9101	46,39	
1636,5696	45,18	
1636,6783	46,45	
1637,6855	46,53	
1638,0986	45,52	
1638,4174	45,52	
1639,6493	44,92	
1640,6348	45,19	
1641,1891	47,25	
1641,6710	45,00	
1642,0623	45,92	
1642,3159	45,58	
1642,4754	46,20	
1642,6058	46,61	
1643,0261	45,62	
1643,9246	46,16	
1644,9319	47,17	
1645,1203	47,20	
1645,7507	45,96	
1646,0623	47,02	
1646,3304	46,76	
1646,7217	45,49	
1647,2435	45,34	
1647,4464	45,31	
1647,7797	46,85	
1648,3594	45,97	
1648,4899	46,28	
1648,6420	47,09	
1648,8594	46,56	
1649,1710	46,17	
1649,3594	45,48	
1651,3304	46,76	
1651,4971	46,78	
1651,8594	45,72	
1652,3232	45,53	
1652,5841	46,34	
1653,1275	45,48	
1653,2616	45,72	
1654,4029	46,00	
1655,0043	46,57	
1655,4029	45,32	
1655,9681	46,71	
1656,2435	45,69	
1656,6130	45,77	
1656,8087	45,84	
1657,5116	45,63	
1657,6565	47,58	
1657,7580	46,16	
1658,0333	45,95	
1658,2797	45,74	
1658,4246	45,97	
1659,1783	45,96	
1659,3159	44,11	
1660,7145	45,86	
1660,8159	45,16	
1661,7000	46,42	
1662,0913	47,21	
1662,9464	44,04	
1663,2000	46,82	
1663,8667	46,33	
1664,7000	46,47	
1664,9246	45,78	
1665,0623	46,30	
1666,0551	45,99	
1666,3812	45,87	
1666,9101	45,95	
1667,6058	46,20	
1668,2870	45,12	
1668,4536	47,91	
1668,7797	45,65	
1669,0696	46,63	
1670,0116	46,13	
1671,3522	46,18	
1671,5623	46,20	
1672,4899	45,29	
1673,4174	45,78	
1674,3522	47,01	
1674,9681	46,32	
1675,3087	45,94	
1675,7217	46,47	
1675,9826	46,38	
1676,1457	46,41	
1676,4754	45,69	
1676,5986	46,04	
1677,1638	46,79	
1677,6203	45,91	
1678,8014	47,14	
1679,0696	46,64	
1680,4754	45,96	
1680,6058	46,66	
1680,8087	46,10	
1682,0225	46,70	
1682,4536	46,70	
1683,1783	46,98	
1683,8667	45,25	
1684,1565	46,77	
1685,5478	45,03	
1685,7507	45,78	
1687,0333	45,62	
1687,3014	46,46	
1687,7870	45,19	
1687,9319	45,46	
1689,3449	45,20	
1689,5406	45,71	
1690,0623	46,03	
1690,7580	45,17	
1690,9899	45,17	
1691,1529	45,55	
1691,4246	47,64	
1692,0043	44,96	
1692,1420	45,54	
1692,6928	46,06	
1692,8594	47,45	
1693,5986	44,96	
1693,9246	46,43	
1694,3812	45,39	
1694,5768	46,65	
1694,6783	44,80	
1695,4391	46,33	
1695,5841	46,65	
1696,2507	46,66	
1696,7290	45,74	
1698,1058	46,22	
1698,5116	46,25	
1699,5551	46,06	
1699,6565	45,07	
1699,8594	47,00	
1700,1130	46,63	
1700,3304	45,40	
1700,4826	44,69	
1700,6130	47,50	
1701,7290	46,46	
1701,9681	46,00	
1702,1710	48,38	
1702,7870	46,80	
1703,8594	45,49	
1703,9681	45,78	
1704,1275	45,71	
1704,5841	44,88	
1705,0116	45,88	
1705,8232	45,37	
1706,0841	47,17	
1706,2942	45,21	
1706,7942	45,62	
1707,1928	45,41	
1707,6275	45,38	
1707,9174	45,62	
1708,0406	45,08	
1708,1855	45,97	
1709,1855	45,38	
1709,8159	45,16	
1710,0478	45,37	
1710,4681	44,35	
1710,9101	46,83	
1711,3377	46,25	
1711,6203	45,42	
1712,3739	47,42	
1712,5913	45,01	
1712,9101	46,24	
1714,8377	45,80	
1715,0188	44,33	
1715,8522	46,46	
1716,2217	48,29	
1716,3739	45,97	
1716,7942	46,63	
1717,2435	45,63	
1717,6493	45,94	
1719,9391	46,53	
1720,5986	45,13	
1720,8594	45,80	
1721,0261	46,03	
1721,5188	46,61	
1721,8304	45,34	
1722,1928	46,05	
1722,3159	47,46	
1722,5478	46,91	
1722,9609	45,65	
1723,3087	45,65	
1724,3957	46,75	
1725,1710	44,92	
1725,6275	46,46	
1725,7362	44,21	
1726,1058	45,36	
1726,2870	45,00	
1726,4174	45,49	
1726,6130	44,76	
1728,3812	45,02	
1728,5261	45,69	
1728,6783	44,79	
1729,5478	45,89	
1729,7725	45,01	
1729,9754	45,50	
1731,4174	45,44	
1731,7290	46,75	
1732,1130	45,67	
1732,6420	46,28	
1733,0116	44,51	
1733,1203	46,11	
1733,3014	45,00	
1733,4971	44,57	
1733,9319	45,89	
1734,2725	46,04	
1734,8449	46,29	
1735,1275	44,96	
1735,3232	45,63	
1736,2435	45,25	
1737,1058	45,24	
1737,3775	45,97	
1737,8232	46,95	
1737,9464	46,49	
1738,3449	45,13	
1739,0043	45,84	
1739,2435	45,25	
1739,5406	43,69	
1739,9790	45,03	
1740,3087	45,40	
1740,5478	44,98	
1740,6565	43,73	
1740,9391	46,00	
1741,0986	44,26	
1741,7942	46,90	
1742,2580	44,60	
1742,4971	46,33	
1742,8957	45,32	
1743,1783	46,30	
1743,4862	44,81	
1743,6565	47,23	
1743,9319	45,49	
1744,5696	46,13	
1744,9899	46,29	
1745,3087	45,20	
1745,4826	44,63	
1745,6565	44,85	
1745,8014	45,35	
1747,3014	45,33	
1747,7797	43,97	
1747,8957	44,11	
1749,4609	45,16	
1749,8594	44,15	
1750,2217	44,95	
1750,9681	44,61	
1751,1457	46,01	
1751,3014	46,91	
1751,4174	45,36	
1751,5406	44,36	
1752,1855	46,31	
1752,6565	45,92	
1753,1855	45,02	
1753,5261	44,68	
1753,8449	44,50	
1754,0043	44,15	
1754,1058	44,71	
1754,4609	45,27	
1754,5623	45,43	
1754,7580	45,00	
1755,4283	45,80	
1755,6565	46,15	
1756,2435	44,90	
1757,3123	45,49	
1757,6855	45,46	
1758,1130	44,33	
1758,3630	45,21	
1759,6638	46,01	
1759,9754	45,07	
1760,3159	45,57	
1760,6783	45,24	
1761,5188	44,08	
1761,7725	45,70	
1762,0333	45,43	
1762,3884	45,66	
1762,5043	45,04	
1762,7072	46,01	
1763,1891	45,52	
1763,6928	46,16	
1763,8159	45,30	
1764,2435	45,19	
1765,8304	43,82	
1766,5478	46,23	
1766,8159	46,10	
1767,0696	45,09	
1768,6565	44,76	
1768,8594	43,44	
1768,9754	45,97	
1769,2942	45,18	
1770,0768	45,36	
1770,6130	44,71	
1770,9246	46,12	
1771,4971	44,50	
1771,6348	43,28	
1772,1855	44,58	
1773,0478	45,22	
1773,5551	44,87	
1773,7072	45,20	
1773,8957	44,84	
1774,4681	44,12	
1774,9536	46,21	
1775,5551	44,54	
1776,3594	45,05	
1776,9029	45,10	
1777,4536	44,34	
1777,8159	45,74	
1778,1094	45,48	
1778,4899	45,47	
1779,5116	44,90	
1779,6203	44,00	
1779,9391	45,22	
1780,2290	43,67	
1781,1710	44,09	
1781,3159	44,88	
1781,7652	44,60	
1781,9174	43,99	
1782,8159	44,62	
1783,0551	45,75	
1783,3232	43,87	
1783,6275	45,45	
1784,2145	44,98	
1784,5261	44,57	
1784,7435	43,96	
1785,4174	44,91	
1785,7580	45,37	
1786,0551	43,84	
1786,6638	43,18	
1786,9174	44,50	
1787,1275	44,93	
1787,3449	44,52	
1787,4754	44,79	
1787,8304	43,25	
1788,2145	43,08	
1789,4101	44,64	
1789,5116	43,31	
1789,6964	44,73	
1789,8232	43,67	
1790,1420	45,91	
1790,5116	44,48	
1790,7109	45,95	
1790,9681	44,43	
1791,1710	43,65	
1791,3667	44,39	
1792,1565	44,00	
1792,6928	44,65	
1793,1420	44,26	
1794,0116	44,48	
1794,2290	43,31	
1794,6928	44,20	
1795,1638	43,75	
1795,3333	44,64	
1795,8623	43,59	
1795,9638	44,27	
1796,2319	45,37	
1796,4638	44,51	
1796,9710	43,53	
1797,1739	44,10	
1797,2899	43,93	
1797,6522	44,36	
1797,8768	44,59	
1798,1812	43,62	
1798,3188	43,49	
1799,8261	43,99	
1799,9710	44,21	
